2089	2089	26435
1	1	1.29857
2	1	-0.0120319
3	1	-0.0621023
4	1	0.0872972
5	1	-1.15769
7	1	-0.0248083
8	1	0.0178374
29	1	-0.00826585
30	1	-0.0236225
43	1	0.00523314
44	1	-0.0760659
71	1	0.022745
72	1	-0.0644678
1	2	-0.0120319
2	2	1.36933
3	2	-0.0197613
4	2	0.0194113
5	2	-0.0244697
6	2	-1.22401
29	2	0.00559698
30	2	-0.0573402
33	2	-0.0383379
34	2	0.0364999
73	2	0.00100898
74	2	-0.0301972
75	2	-0.018662
76	2	-0.0049585
1519	2	-0.0219663
1520	2	0.0230807
1	3	-0.0621023
2	3	-0.0197613
3	3	1.43191
4	3	-1.28987
7	3	0.0139261
8	3	-0.0695897
25	3	-0.014108
26	3	-0.00386617
33	3	-0.0472139
34	3	0.0477548
55	3	-0.0287288
56	3	0.0441446
1	4	0.0872972
2	4	0.0194113
3	4	-1.28987
4	4	1.90559
5	4	-0.130742
6	4	-0.0917618
8	4	0.0195024
26	4	-0.0654959
34	4	-0.0852193
56	4	-0.0270781
1867	4	-0.189163
1915	4	-0.0130481
1949	4	-0.132531
1	5	-1.15769
2	5	-0.0244697
4	5	-0.130742
5	5	1.78431
6	5	0.000944981
8	5	-0.0857197
30	5	-0.105023
44	5	-0.0269325
72	5	-0.0308629
1915	5	-0.126103
1948	5	-0.11598
1949	5	0.0158805
1994	5	0.010265
2	6	-1.22401
4	6	-0.0917618
5	6	0.000944981
6	6	1.84742
30	6	-0.00809899
34	6	-0.149763
74	6	-0.0592168
76	6	-0.0295244
1520	6	-0.0302753
1817	6	-0.148887
1867	6	0.0429219
1915	6	-0.142543
1	7	-0.0248083
3	7	0.0139261
7	7	1.67307
8	7	-1.51488
10	7	0.0115908
14	7	-0.0710958
21	7	-0.0100804
22	7	0.0079279
25	7	-0.0432228
26	7	0.0832216
41	7	0.0355404
42	7	-0.125363
43	7	0.030937
44	7	-0.0634995
1	8	0.0178374
3	8	-0.0695897
4	8	0.0195024
5	8	-0.0857197
7	8	-1.51488
8	8	2.2102
14	8	0.0140195
22	8	-0.0926662
26	8	-0.0387989
42	8	-0.0588166
44	8	0.00223628
1948	8	-0.0795634
1949	8	-0.259508
1950	8	-0.055002
9	9	1.43646
10	9	0.0245174
11	9	-0.0146952
12	9	0.0228926
13	9	-1.27098
15	9	0.0321652
16	9	-0.127183
41	9	-0.0503665
42	9	0.0741142
45	9	0.0381703
46	9	-0.12478
77	9	0.0219127
78	9	-0.0598874
7	10	0.0115908
9	10	0.0245174
10	10	1.56879
11	10	0.0343301
12	10	-0.12876
13	10	-0.126536
14	10	-1.39457
21	10	-0.103173
22	10	0.13707
23	10	0.0029327
24	10	0.000226056
41	10	0.0236855
42	10	-0.0469528
9	11	-0.0146952
10	11	0.0343301
11	11	1.84358
12	11	-1.67336
15	11	0.0309965
16	11	-0.0775647
17	11	0.0215891
18	11	-0.0041623
19	11	-0.0231253
20	11	-0.080768
23	11	-0.0573859
24	11	0.110063
39	11	0.0627716
40	11	-0.1688
9	12	0.0228926
10	12	-0.12876
11	12	-1.67336
12	12	2.42175
13	12	-0.131484
14	12	0.0149633
16	12	0.00360386
19	12	-0.177685
20	12	-0.0417134
24	12	-0.0737101
40	12	0.0439642
1851	12	-0.133279
1852	12	0.0464568
2052	12	-0.181591
9	13	-1.27098
10	13	-0.126536
12	13	-0.131484
13	13	1.9819
14	13	0.0226367
16	13	-0.0732755
42	13	-0.103405
46	13	0.0209761
78	13	-0.105079
1851	13	0.0564814
2010	13	-0.072973
2052	13	-0.189368
7	14	-0.0710958
8	14	0.0140195
10	14	-1.39457
12	14	0.0149633
13	14	0.0226367
14	14	2.0355
22	14	-0.145786
24	14	-0.104727
42	14	-0.136937
1950	14	-0.101126
2052	14	-0.124453
9	15	0.0321652
11	15	0.0309965
15	15	1.40638
16	15	-1.25527
39	15	0.00293144
40	15	-0.0284438
45	15	-0.00582051
46	15	0.0021496
87	15	0.029707
88	15	-0.10398
89	15	0.0558122
90	15	-0.164265
9	16	-0.127183
11	16	-0.0775647
12	16	0.00360386
13	16	-0.0732755
15	16	-1.25527
16	16	2.05997
40	16	-0.134085
46	16	-0.12759
88	16	-0.0161503
90	16	-0.0465205
1849	16	0.0510867
1851	16	-0.186656
1965	16	-0.0439414
2010	16	-0.0137558
11	17	0.0215891
17	17	1.4575
18	17	-0.0919421
19	17	0.129175
20	17	-1.29694
37	17	-0.0176511
38	17	0.0064956
39	17	0.00300609
40	17	-0.0269188
47	17	0.0370479
48	17	-0.151157
57	17	0.0401971
58	17	-0.107723
11	18	-0.0041623
17	18	-0.0919421
18	18	1.31549
19	18	-1.1737
23	18	-0.112153
24	18	0.152725
37	18	0.0271444
38	18	-0.100086
59	18	-0.0150383
60	18	0.00320271
11	19	-0.0231253
12	19	-0.177685
17	19	0.129175
18	19	-1.1737
19	19	1.91836
20	19	-0.130067
24	19	-0.221141
38	19	-0.00859334
60	19	-0.138847
1852	19	-0.191062
2019	19	-0.0036839
2052	19	0.0280256
11	20	-0.080768
12	20	-0.0417134
17	20	-1.29694
19	20	-0.130067
20	20	1.9301
38	20	-0.0509523
40	20	-0.0441493
48	20	-0.00399104
58	20	0.0612408
1850	20	-0.212605
1851	20	-0.0604871
1852	20	-0.0625746
7	21	-0.0100804
10	21	-0.103173
21	21	1.41346
22	21	-1.24821
23	21	0.0274021
24	21	-0.112012
25	21	-0.105007
26	21	0.131796
27	21	-0.021706
28	21	0.0296951
7	22	0.0079279
8	22	-0.0926662
10	22	0.13707
14	22	-0.145786
21	22	-1.24821
22	22	1.84064
24	22	-0.0247714
26	22	-0.134437
28	22	-0.133441
1949	22	-0.0406734
1950	22	-0.159477
10	23	0.0029327
11	23	-0.0573859
18	23	-0.112153
21	23	0.0274021
23	23	1.99834
24	23	-1.83482
27	23	-0.0747345
28	23	0.118901
59	23	0.0312185
60	23	-0.0836338
61	23	0.00295453
62	23	-0.0163117
10	24	0.000226056
11	24	0.110063
12	24	-0.0737101
14	24	-0.104727
18	24	0.152725
19	24	-0.221141
21	24	-0.112012
22	24	-0.0247714
23	24	-1.83482
24	24	2.57887
28	24	-0.0780968
60	24	-0.00723373
62	24	-0.106435
1950	24	-0.179764
2019	24	-0.0651342
2052	24	-0.0205802
3	25	-0.014108
7	25	-0.0432228
21	25	-0.105007
25	25	1.62303
26	25	-1.46904
27	25	0.00731106
28	25	-0.0218729
31	25	-0.0518744
32	25	0.0564166
55	25	-0.0443873
56	25	0.0653382
3	26	-0.00386617
4	26	-0.0654959
7	26	0.0832216
8	26	-0.0387989
21	26	0.131796
22	26	-0.134437
25	26	-1.46904
26	26	2.16031
28	26	-0.110145
32	26	-0.127755
56	26	-0.0695695
1867	26	-0.0962177
1947	26	0.0165694
1949	26	-0.26806
21	27	-0.021706
23	27	-0.0747345
25	27	0.00731106
27	27	1.83811
28	27	-1.6791
31	27	-0.0672345
32	27	0.0988728
35	27	-0.0355828
36	27	0.0382406
61	27	0.0304722
62	27	-0.103269
63	27	0.0153552
64	27	-0.0431901
21	28	0.0296951
22	28	-0.133441
23	28	0.118901
24	28	-0.0780968
25	28	-0.0218729
26	28	-0.110145
27	28	-1.6791
28	28	2.48592
32	28	-0.110733
36	28	-0.0568789
62	28	-0.104748
64	28	-0.122661
1947	28	-0.173418
1949	28	0.0502263
1950	28	-0.115121
1963	28	0.0376339
1	29	-0.00826585
2	29	0.00559698
29	29	0.85478
30	29	-0.749878
71	29	-0.00970233
72	29	-0.0222105
73	29	-0.0252431
74	29	0.00750744
95	29	0.00957636
96	29	-0.0609122
1	30	-0.0236225
2	30	-0.0573402
5	30	-0.105023
6	30	-0.00809899
29	30	-0.749878
30	30	1.31385
72	30	-0.0127292
74	30	-0.138472
96	30	0.00421342
1915	30	-0.0396266
1994	30	-0.179509
25	31	-0.0518744
27	31	-0.0672345
31	31	1.47604
32	31	-1.32332
35	31	-0.00250479
36	31	-0.0210407
55	31	-0.0211915
56	31	0.0256254
69	31	-0.0310418
70	31	0.0258549
1517	31	-0.0309027
1518	31	0.0244059
25	32	0.0564166
26	32	-0.127755
27	32	0.0988728
28	32	-0.110733
31	32	-1.32332
32	32	2.03762
36	32	-0.154914
56	32	-0.0999719
70	32	-0.0989257
1518	32	-0.0457423
1764	32	-0.159955
1866	32	0.0400981
1867	32	0.0141574
1947	32	-0.114987
2	33	-0.0383379
3	33	-0.0472139
33	33	0.983017
34	33	-0.869766
55	33	-0.0273561
56	33	0.0253256
1519	33	-0.0264083
1520	33	0.00980835
1523	33	-0.0284075
1524	33	0.0206046
2	34	0.0364999
3	34	0.0477548
4	34	-0.0852193
6	34	-0.149763
33	34	-0.869766
34	34	1.69765
56	34	-0.139544
1520	34	-0.208376
1524	34	-0.173009
1721	34	0.0604908
1725	34	-0.0433077
1764	34	0.0205476
1817	34	0.0255954
1867	34	-0.212273
27	35	-0.0355828
31	35	-0.00250479
35	35	1.33277
36	35	-1.19125
63	35	0.00916889
64	35	-0.0688709
65	35	0.00444259
66	35	-0.0436977
67	35	-0.0279137
68	35	0.0167169
69	35	-0.0369454
70	35	0.0465359
27	36	0.0382406
28	36	-0.0568789
31	36	-0.0210407
32	36	-0.154914
35	36	-1.19125
36	36	1.8993
64	36	-0.116741
66	36	-0.0714619
68	36	-0.0233691
70	36	-0.0693127
1865	36	0.0125959
1866	36	-0.181059
1947	36	-0.0541104
17	37	-0.0176511
18	37	0.0271444
37	37	1.13588
38	37	-1.01644
57	37	0.0215408
58	37	-0.0743664
59	37	-0.0620319
60	37	0.0864084
97	37	0.017974
98	37	-0.0968258
99	37	0.00657052
100	37	-0.026806
17	38	0.0064956
18	38	-0.100086
19	38	-0.00859334
20	38	-0.0509523
37	38	-1.01644
38	38	1.56606
58	38	0.0234033
60	38	-0.102994
98	38	-0.0668839
100	38	-0.0323925
1850	38	-0.0181895
1852	38	-0.195499
11	39	0.0627716
15	39	0.00293144
17	39	0.00300609
39	39	1.52011
40	39	-1.37124
47	39	0.0207633
48	39	-0.0676443
89	39	0.0195297
90	39	-0.0672477
939	39	0.0651353
940	39	-0.185385
11	40	-0.1688
12	40	0.0439642
15	40	-0.0284438
16	40	-0.134085
17	40	-0.0269188
20	40	-0.0441493
39	40	-1.37124
40	40	2.06889
48	40	-0.10654
90	40	-0.0233227
940	40	0.0320369
1849	40	-0.0947455
1851	40	-0.13627
7	41	0.0355404
9	41	-0.0503665
10	41	0.0236855
41	41	1.34001
42	41	-1.22326
43	41	-0.0235363
44	41	0.020327
77	41	0.0303179
78	41	-0.0978469
79	41	0.0272862
80	41	-0.080558
7	42	-0.125363
8	42	-0.0588166
9	42	0.0741142
10	42	-0.0469528
13	42	-0.103405
14	42	-0.136937
41	42	-1.22326
42	42	2.03557
44	42	-0.152089
78	42	-0.0672812
80	42	0.00442865
1948	42	0.0560302
1950	42	0.0131603
2051	42	-0.195423
2052	42	-0.0620387
1	43	0.00523314
7	43	0.030937
41	43	-0.0235363
43	43	1.16417
44	43	-1.05973
71	43	-0.00327519
72	43	-0.0144057
79	43	0.0120571
80	43	-0.0539164
81	43	0.0219331
82	43	-0.0779504
1	44	-0.0760659
5	44	-0.0269325
7	44	-0.0634995
8	44	0.00223628
41	44	0.020327
42	44	-0.152089
43	44	-1.05973
44	44	1.73534
72	44	-0.110067
80	44	-0.0131366
82	44	-0.0544812
1948	44	-0.160083
2051	44	-0.0815726
2058	44	0.047475
9	45	0.0381703
15	45	-0.00582051
45	45	1.13318
46	45	-1.01744
77	45	-0.0459552
78	45	0.0613584
87	45	0.0263423
88	45	-0.0862844
717	45	0.00736204
718	45	-0.0369908
797	45	0.0343967
798	45	-0.107135
9	46	-0.12478
13	46	0.0209761
15	46	0.0021496
16	46	-0.12759
45	46	-1.01744
46	46	1.65808
78	46	-0.0891429
88	46	-0.028362
718	46	-0.0146869
798	46	-0.105905
1965	46	0.0441426
2010	46	-0.212595
17	47	0.0370479
39	47	0.0207633
47	47	1.46356
48	47	-1.29746
50	47	0.0232725
51	47	0.0337764
52	47	-0.11448
54	47	-0.143247
57	47	-0.00992554
58	47	0.0199351
939	47	0.0287436
940	47	-0.0589889
17	48	-0.151157
20	48	-0.00399104
39	48	-0.0676443
40	48	-0.10654
47	48	-1.29746
48	48	2.15813
52	48	-0.100408
54	48	0.0195475
58	48	-0.0792044
940	48	-0.101001
1848	48	0.0223188
1849	48	-0.156855
1850	48	-0.180547
1851	48	0.0914106
1936	48	-0.0317186
49	49	1.43968
50	49	0.00631177
51	49	-0.086203
52	49	0.126154
53	49	-1.2776
91	49	-0.0427222
92	49	0.0322052
165	49	-0.000395792
166	49	-0.022433
877	49	0.0146194
878	49	-0.116274
949	49	0.0349684
950	49	-0.104842
47	50	0.0232725
49	50	0.00631177
50	50	1.6723
51	50	-0.033412
52	50	0.0490806
53	50	-0.0496681
54	50	-1.48332
939	50	-0.0659318
940	50	0.100719
949	50	0.0288356
950	50	-0.168979
1015	50	0.037948
1016	50	-0.112319
47	51	0.0337764
49	51	-0.086203
50	51	-0.033412
51	51	1.48799
52	51	-1.37107
57	51	-0.0749458
58	51	0.108119
91	51	0.0160187
92	51	-0.0609053
107	51	-0.00189223
108	51	-0.0156893
47	52	-0.11448
48	52	-0.100408
49	52	0.126154
50	52	0.0490806
51	52	-1.37107
52	52	2.07608
53	52	-0.125616
54	52	-0.0783736
58	52	-0.109758
92	52	-0.0952025
108	52	-0.0804869
1848	52	-0.0344153
1936	52	-0.170992
1995	52	0.0385884
49	53	-1.2776
50	53	-0.0496681
52	53	-0.125616
53	53	2.06598
54	53	-0.0945592
92	53	-0.085829
166	53	-0.0927373
878	53	-0.0956634
950	53	-0.0564707
1832	53	-0.0252665
1833	53	0.0289121
1936	53	-0.178396
47	54	-0.143247
48	54	0.0195475
50	54	-1.48332
52	54	-0.0783736
53	54	-0.0945592
54	54	2.21571
940	54	-0.236234
950	54	0.0151023
1016	54	0.00961538
1832	54	-0.119211
1936	54	-0.0925318
3	55	-0.0287288
25	55	-0.0443873
31	55	-0.0211915
33	55	-0.0273561
55	55	1.4373
56	55	-1.32286
1517	55	-0.0264536
1518	55	0.0405442
1521	55	-0.0276135
1522	55	0.0149861
1523	55	-0.0101936
1524	55	0.0176997
3	56	0.0441446
4	56	-0.0270781
25	56	0.0653382
26	56	-0.0695695
31	56	0.0256254
32	56	-0.0999719
33	56	0.0253256
34	56	-0.139544
55	56	-1.32286
56	56	1.91416
1518	56	-0.0376305
1522	56	-0.0341172
1524	56	-0.041917
1764	56	-0.161171
1867	56	-0.134592
17	57	0.0401971
37	57	0.0215408
47	57	-0.00992554
51	57	-0.0749458
57	57	1.45921
58	57	-1.35542
97	57	-0.01804
98	57	0.015004
107	57	0.0235163
108	57	-0.0727884
203	57	0.0137687
204	57	-0.0405646
17	58	-0.107723
20	58	0.0612408
37	58	-0.0743664
38	58	0.0234033
47	58	0.0199351
48	58	-0.0792044
51	58	0.108119
52	58	-0.109758
57	58	-1.35542
58	58	1.99236
98	58	-0.107219
108	58	0.00932604
204	58	0.0106182
1848	58	-0.15482
1850	58	-0.230762
18	59	-0.0150383
23	59	0.0312185
37	59	-0.0620319
59	59	1.29382
60	59	-1.17989
61	59	-0.0705663
62	59	0.0905908
99	59	0.0205604
100	59	-0.0769106
101	59	0.0081583
102	59	-0.0383366
18	60	0.00320271
19	60	-0.138847
23	60	-0.0836338
24	60	-0.00723373
37	60	0.0864084
38	60	-0.102994
59	60	-1.17989
60	60	1.82765
62	60	-0.131207
100	60	-0.0632188
102	60	-0.0277714
1852	60	0.0503114
2019	60	-0.226697
23	61	0.00295453
27	61	0.0304722
59	61	-0.0705663
61	61	1.39016
62	61	-1.26795
63	61	-0.0442967
64	61	0.0539082
101	61	0.0197773
102	61	-0.0725018
103	61	0.0154129
104	61	-0.0553257
23	62	-0.0163117
24	62	-0.106435
27	62	-0.103269
28	62	-0.104748
59	62	0.0905908
60	62	-0.131207
61	62	-1.26795
62	62	2.00901
64	62	-0.074311
102	62	-0.0597665
104	62	-0.00782166
1950	62	0.0224778
1963	62	-0.199417
2019	62	-0.0397053
27	63	0.0153552
35	63	0.00916889
61	63	-0.0442967
63	63	1.24879
64	63	-1.12792
65	63	-0.0202691
66	63	0.0180003
103	63	0.0114368
104	63	-0.0626015
105	63	0.0166393
106	63	-0.062324
27	64	-0.0431901
28	64	-0.122661
35	64	-0.0688709
36	64	-0.116741
61	64	0.0539082
62	64	-0.074311
63	64	-1.12792
64	64	1.90001
66	64	-0.0422245
104	64	-0.0573672
106	64	-0.0706682
1865	64	-0.132656
1947	64	0.0283805
1963	64	-0.16761
1964	64	0.0531107
35	65	0.00444259
63	65	-0.0202691
65	65	1.20204
66	65	-1.08199
67	65	-0.0531313
68	65	0.0558063
105	65	-0.000530054
106	65	-0.0360547
1429	65	0.0023835
1430	65	-0.0523206
1507	65	-0.0029124
1508	65	-0.0152276
35	66	-0.0436977
36	66	-0.0714619
63	66	0.0180003
64	66	-0.0422245
65	66	-1.08199
66	66	1.73213
68	66	-0.0863398
106	66	-0.0323894
1430	66	-0.0852843
1508	66	-0.0687723
1863	66	0.0437165
1865	66	-0.210793
1866	66	-0.0635073
35	67	-0.0279137
65	67	-0.0531313
67	67	1.31813
68	67	-1.17991
69	67	-0.0279951
70	67	0.0342822
1507	67	-0.00199216
1508	67	-0.0194005
1605	67	-0.0255392
1606	67	-0.00136672
1607	67	-0.0223343
1608	67	0.00994019
35	68	0.0167169
36	68	-0.0233691
65	68	0.0558063
66	68	-0.0863398
67	68	-1.17991
68	68	1.78299
70	68	-0.10443
1508	68	-0.0783587
1606	68	-0.0215102
1608	68	-0.0616449
1866	68	-0.222269
1923	68	0.0208516
1924	68	-0.0917783
31	69	-0.0310418
35	69	-0.0369454
67	69	-0.0279951
69	69	1.26316
70	69	-1.14651
1517	69	-0.022316
1518	69	0.018037
1607	69	-0.0279718
1608	69	0.0243042
1621	69	-0.0190408
1622	69	0.00836341
31	70	0.0258549
32	70	-0.0989257
35	70	0.0465359
36	70	-0.0693127
67	70	0.0342822
68	70	-0.10443
69	70	-1.14651
70	70	1.78364
1518	70	-0.115909
1608	70	-0.0237121
1622	70	-0.0135185
1764	70	0.00208116
1866	70	-0.0803843
1923	70	-0.232822
1	71	0.022745
29	71	-0.00970233
43	71	-0.00327519
71	71	1.15001
72	71	-1.06043
81	71	-0.00590187
82	71	-0.0094041
83	71	-0.00195892
84	71	0.00854166
85	71	-0.0439718
86	71	-0.0348604
95	71	0.00212533
96	71	-0.0124698
1	72	-0.0644678
5	72	-0.0308629
29	72	-0.0222105
30	72	-0.0127292
43	72	-0.0144057
44	72	-0.110067
71	72	-1.06043
72	72	1.69145
82	72	-0.030575
85	72	0.0026255
86	72	-0.0336027
96	72	0.00276359
1948	72	0.0398832
1994	72	-0.188408
2058	72	-0.16322
2	73	0.00100898
29	73	-0.0252431
73	73	1.1351
74	73	-1.01532
75	73	-0.0386203
76	73	0.0459569
95	73	-0.00782317
96	73	-0.018333
145	73	-0.000218029
146	73	-0.0383653
1505	73	-0.00665488
1506	73	-0.0294365
2	74	-0.0301972
6	74	-0.0592168
29	74	0.00750744
30	74	-0.138472
73	74	-1.01532
74	74	1.7065
76	74	-0.0567624
96	74	-0.0881878
146	74	-0.0568226
1506	74	-0.084304
1817	74	-0.0845905
1820	74	-0.0891819
1915	74	-0.0506878
1917	74	0.00313991
1994	74	0.0456638
2	75	-0.018662
73	75	-0.0386203
75	75	1.20351
76	75	-1.08946
1505	75	-0.00407936
1506	75	-0.021006
1519	75	-0.0342607
1520	75	0.0406226
1611	75	-0.0181081
1612	75	-0.0140543
1613	75	-0.0180622
1614	75	0.0141584
2	76	-0.0049585
6	76	-0.0295244
73	76	0.0459569
74	76	-0.0567624
75	76	-1.08946
76	76	1.75916
1506	76	-0.129859
1520	76	-0.137209
1612	76	-0.115956
1614	76	-0.0262325
1725	76	-0.0748021
1817	76	-0.172758
1818	76	0.0395048
9	77	0.0219127
41	77	0.0303179
45	77	-0.0459552
77	77	1.10791
78	77	-1.01682
79	77	-0.0224806
80	77	0.0202202
171	77	0.0120367
172	77	-0.0547286
717	77	0.0291458
718	77	-0.0805927
9	78	-0.0598874
13	78	-0.105079
41	78	-0.0978469
42	78	-0.0672812
45	78	0.0613584
46	78	-0.0891429
77	78	-1.01682
78	78	1.74581
80	78	-0.145315
172	78	-0.0203026
718	78	-0.0360923
2009	78	-0.102628
2010	78	-0.101327
2051	78	0.0330772
2052	78	0.00964422
41	79	0.0272862
43	79	0.0120571
77	79	-0.0224806
79	79	0.985318
80	79	-0.904141
81	79	-0.00639999
82	79	-0.0116904
121	79	0.0105148
122	79	-0.0546885
171	79	0.0183182
172	79	-0.0532224
41	80	-0.080558
42	80	0.00442865
43	80	-0.0539164
44	80	-0.0131366
77	80	0.0202202
78	80	-0.145315
79	80	-0.904141
80	80	1.47758
82	80	-0.0474631
122	80	-0.0770731
172	80	-0.0150172
2009	80	0.0149386
2051	80	-0.176513
43	81	0.0219331
71	81	-0.00590187
79	81	-0.00639999
81	81	0.896043
82	81	-0.825742
84	81	0.00110402
85	81	-0.0293804
119	81	0.00420507
120	81	-0.0391407
121	81	0.00458513
122	81	-0.0205768
43	82	-0.0779504
44	82	-0.0544812
71	82	-0.0094041
72	82	-0.030575
79	82	-0.0116904
80	82	-0.0474631
81	82	-0.825742
82	82	1.37157
85	82	-0.0748581
120	82	-0.00228983
122	82	-0.0649561
2006	82	-0.0805235
2051	82	-0.0562671
2058	82	-0.031028
71	83	-0.00195892
83	83	0.877608
84	83	-0.026813
85	83	0.0227672
86	83	-0.786709
93	83	-0.006865
94	83	-0.00755921
95	83	-0.0320022
96	83	0.0287484
109	83	-0.00410291
110	83	-0.0366938
135	83	0.00590964
136	83	-0.0313343
71	84	0.00854166
81	84	0.00110402
83	84	-0.026813
84	84	0.784871
85	84	-0.722102
93	84	0.00232098
94	84	-0.0190662
117	84	-0.00631152
118	84	-0.0197153
119	84	-0.00719767
120	84	0.0048751
71	85	-0.0439718
72	85	0.0026255
81	85	-0.0293804
82	85	-0.0748581
83	85	0.0227672
84	85	-0.722102
85	85	1.17065
86	85	-0.0612465
94	85	-0.0679038
118	85	-0.0202138
120	85	-0.0250987
2006	85	-0.0591043
2058	85	-0.0897491
71	86	-0.0348604
72	86	-0.0336027
83	86	-0.786709
85	86	-0.0612465
86	86	1.27312
94	86	-0.0441901
96	86	-0.109136
110	86	-0.0293441
136	86	0.0056501
1813	86	-0.111309
1994	86	0.00965847
2058	86	-0.074922
15	87	0.029707
45	87	0.0263423
87	87	1.21474
88	87	-1.07754
89	87	-0.0066231
90	87	-0.00774801
797	87	-0.0217364
798	87	0.010623
869	87	0.017607
870	87	-0.0665825
871	87	0.0517345
872	87	-0.168733
15	88	-0.10398
16	88	-0.0161503
45	88	-0.0862844
46	88	-0.028362
87	88	-1.07754
88	88	1.651
90	88	-0.0766006
798	88	-0.0714707
870	88	0.0293241
872	88	0.0044582
1965	88	-0.219933
15	89	0.0558122
39	89	0.0195297
87	89	-0.0066231
89	89	1.44914
90	89	-1.29852
871	89	0.0216811
872	89	-0.0763824
939	89	0.00697849
940	89	-0.037505
945	89	0.0634678
946	89	-0.19481
15	90	-0.164265
16	90	-0.0465205
39	90	-0.0672477
40	90	-0.0233227
87	90	-0.00774801
88	90	-0.0766006
89	90	-1.29852
90	90	2.0473
872	90	-0.0651943
940	90	-0.107384
946	90	0.0358004
1849	90	-0.126092
1859	90	-0.066141
1965	90	-0.0211441
49	91	-0.0427222
51	91	0.0160187
91	91	0.927051
92	91	-0.818583
107	91	-0.0580333
108	91	0.065663
157	91	-0.0101314
158	91	-0.0198626
165	91	0.0195561
166	91	-0.0777704
49	92	0.0322052
51	92	-0.0609053
52	92	-0.0952025
53	92	-0.085829
91	92	-0.818583
92	92	1.40108
108	92	-0.0933215
158	92	-0.0199322
166	92	-0.0898538
1936	92	0.00097366
1995	92	-0.166407
83	93	-0.006865
84	93	0.00232098
93	93	0.794259
94	93	-0.732448
109	93	-0.00457845
110	93	-0.0148354
117	93	-0.0216838
118	93	0.0234143
127	93	-0.0123386
128	93	-0.0011676
131	93	0.00491966
132	93	-0.0258183
167	93	-0.00907072
168	93	0.00442413
83	94	-0.00755921
84	94	-0.0190662
85	94	-0.0679038
86	94	-0.0441901
93	94	-0.732448
94	94	1.2599
110	94	-0.0513138
118	94	-0.0980513
128	94	-0.0350182
132	94	-0.0346422
168	94	-0.0199776
1813	94	0.00945307
1910	94	-0.129336
2005	94	-0.014242
2006	94	-0.0015059
2058	94	-0.0108634
29	95	0.00957636
71	95	0.00212533
73	95	-0.00782317
83	95	-0.0320022
95	95	1.00906
96	95	-0.924112
135	95	-0.00226982
136	95	-0.0347122
145	95	0.00374497
146	95	-0.0224845
29	96	-0.0609122
30	96	0.00421342
71	96	-0.0124698
72	96	0.00276359
73	96	-0.018333
74	96	-0.0881878
83	96	0.0287484
86	96	-0.109136
95	96	-0.924112
96	96	1.54873
136	96	-0.085167
146	96	-0.0137991
1813	96	0.0425351
1917	96	-0.0828448
1994	96	-0.2272
37	97	0.017974
57	97	-0.01804
97	97	0.765256
98	97	-0.678385
99	97	-0.0397182
100	97	0.0456736
203	97	0.00362763
204	97	-0.0570403
1039	97	0.0104366
1040	97	-0.0490728
37	98	-0.0968258
38	98	-0.0668839
57	98	0.015004
58	98	-0.107219
97	98	-0.678385
98	98	1.29381
100	98	-0.107508
204	98	-0.118209
1040	98	-0.0145087
1848	98	-0.00809966
1850	98	0.0218511
1852	98	-0.0387649
1981	98	-0.0898326
37	99	0.00657052
59	99	0.0205604
97	99	-0.0397182
99	99	1.0157
100	99	-0.927846
101	99	-0.0389225
102	99	0.0395376
1039	99	0.00636483
1040	99	-0.0469996
1153	99	0.0125609
1154	99	-0.046796
37	100	-0.026806
38	100	-0.0323925
59	100	-0.0769106
60	100	-0.0632188
97	100	0.0456736
98	100	-0.107508
99	100	-0.927846
100	100	1.59433
102	100	-0.133099
1040	100	-0.015459
1154	100	-0.0755605
1852	100	-0.00601711
1981	100	-0.152907
2019	100	-0.0514648
2066	100	0.0357123
59	101	0.0081583
61	101	0.0197773
99	101	-0.0389225
101	101	1.09672
102	101	-1.00509
103	101	-0.0293682
104	101	0.0273557
1153	101	0.00895051
1154	101	-0.0426515
1215	101	0.0128098
1216	101	-0.0565024
59	102	-0.0383366
60	102	-0.0277714
61	102	-0.0725018
62	102	-0.0597665
99	102	0.0395376
100	102	-0.133099
101	102	-1.00509
102	102	1.63462
104	102	-0.0773166
1154	102	-0.00414651
1216	102	-0.0640153
1963	102	-0.0335305
2019	102	-0.0707817
2066	102	-0.0807028
61	103	0.0154129
63	103	0.0114368
101	103	-0.0293682
103	103	1.05095
104	103	-0.961812
105	103	-0.0176055
106	103	0.00894079
1215	103	0.00470777
1216	103	-0.0389366
1281	103	0.0136037
1282	103	-0.0560974
61	104	-0.0553257
62	104	-0.00782166
63	104	-0.0626015
64	104	-0.0573672
101	104	0.0273557
102	104	-0.0773166
103	104	-0.961812
104	104	1.54848
106	104	-0.040447
1216	104	-0.0402457
1282	104	-0.0775413
1963	104	-0.217485
1964	104	0.0269186
63	105	0.0166393
65	105	-0.000530054
103	105	-0.0176055
105	105	0.991906
106	105	-0.905715
1281	105	-0.00133042
1282	105	-0.0268778
1351	105	0.00383039
1352	105	-0.0457109
1429	105	-0.000392346
1430	105	-0.0130676
63	106	-0.062324
64	106	-0.0706682
65	106	-0.0360547
66	106	-0.0323894
103	106	0.00894079
104	106	-0.040447
105	106	-0.905715
106	106	1.47018
1282	106	-0.0164783
1352	106	0.00272825
1430	106	-0.0773382
1865	106	-0.014785
1964	106	-0.221265
51	107	-0.00189223
57	107	0.0235163
91	107	-0.0580333
107	107	1.08585
108	107	-0.99095
157	107	0.0101433
158	107	-0.0361033
203	107	-0.0335289
204	107	0.0365404
205	107	0.00456977
206	107	-0.0390257
51	108	-0.0156893
52	108	-0.0804869
57	108	-0.0727884
58	108	0.00932604
91	108	0.065663
92	108	-0.0933215
107	108	-0.99095
108	108	1.55205
158	108	-0.0237545
204	108	-0.0706771
206	108	-0.0768976
1848	108	-0.142797
1995	108	-0.0688524
2056	108	0.0141679
83	109	-0.00410291
93	109	-0.00457845
109	109	0.587909
110	109	-0.51634
131	109	-0.0160341
132	109	0.000482975
135	109	-0.0195472
136	109	0.00528169
197	109	0.00281811
198	109	-0.0354345
83	110	-0.0366938
86	110	-0.0293441
93	110	-0.0148354
94	110	-0.0513138
109	110	-0.51634
110	110	0.889778
132	110	-0.0603113
136	110	-0.0338384
198	110	-0.0255376
1813	110	-0.120403
111	111	0.519881
112	111	-0.00940532
113	111	-0.0183339
114	111	0.0080514
115	111	-0.427848
123	111	-0.0429705
124	111	0.0245352
139	111	-0.0140624
140	111	-0.00468435
173	111	-0.00729607
174	111	-0.0274807
111	112	-0.00940532
112	112	0.647967
113	112	-0.00428641
114	112	-0.0139457
115	112	-0.00879846
116	112	-0.566757
123	112	-0.0133158
124	112	0.0104089
137	112	-0.000414023
138	112	-0.0078827
147	112	-0.0206475
148	112	0.010728
209	112	-0.00646794
210	112	-0.00235923
211	112	0.00279265
212	112	-0.0172313
111	113	-0.0183339
112	113	-0.00428641
113	113	0.249264
114	113	-0.191591
137	113	-0.0157506
138	113	-0.00301547
139	113	-0.000316778
140	113	-0.0159001
111	114	0.0080514
112	114	-0.0139457
113	114	-0.191591
114	114	0.427479
115	114	-0.0643991
116	114	-0.0280461
138	114	-0.0671134
140	114	-0.034783
2017	114	-0.0354528
111	115	-0.427848
112	115	-0.00879846
114	115	-0.0643991
115	115	0.90932
116	115	-0.0127473
124	115	-0.123574
140	115	-0.0678032
174	115	-0.0824115
2017	115	-0.16404
2018	115	0.0124258
2036	115	0.0311948
112	116	-0.566757
114	116	-0.0280461
115	116	-0.0127473
116	116	0.934361
124	116	-0.0380288
138	116	-0.0261199
148	116	-0.0702431
210	116	-0.00524704
212	116	-0.0302399
2016	116	0.0195879
2017	116	-0.112069
2049	116	-0.0847018
2057	116	0.0213219
84	117	-0.00631152
93	117	-0.0216838
117	117	0.529051
118	117	-0.47572
119	117	-0.0283309
120	117	0.0303387
167	117	-0.00685736
168	117	-0.0109775
175	117	-0.00955551
176	117	0.000268565
84	118	-0.0197153
85	118	-0.0202138
93	118	0.0234143
94	118	-0.0980513
117	118	-0.47572
118	118	0.836867
120	118	-0.102796
168	118	-0.0280131
176	118	-0.0173428
2005	118	-0.0731639
2006	118	-0.024418
81	119	0.00420507
84	119	-0.00719767
117	119	-0.0283309
119	119	0.705571
120	119	-0.649748
121	119	-0.0274211
122	119	0.030626
175	119	-0.000926411
176	119	-0.0121387
177	119	-0.00295843
178	119	-0.0113442
81	120	-0.0391407
82	120	-0.00228983
84	120	0.0048751
85	120	-0.0250987
117	120	0.0303387
118	120	-0.102796
119	120	-0.649748
120	120	1.09584
122	120	-0.105755
176	120	-0.0543978
178	120	-0.0219775
2004	120	-0.00967694
2005	120	0.0302478
2006	120	-0.148827
79	121	0.0105148
81	121	0.00458513
119	121	-0.0274211
121	121	0.786422
122	121	-0.725112
171	121	-0.0201358
172	121	0.0176763
177	121	0.0023927
178	121	-0.0239242
571	121	0.00505774
572	121	-0.0295963
79	122	-0.0546885
80	122	-0.0770731
81	122	-0.0205768
82	122	-0.0649561
119	122	0.030626
120	122	-0.105755
121	122	-0.725112
122	122	1.32656
172	122	-0.0487624
178	122	-0.103594
572	122	-0.00606813
2004	122	0.0427248
2006	122	-0.0634823
2009	122	-0.171009
2051	122	0.0445095
111	123	-0.0429705
112	123	-0.0133158
123	123	1.16557
124	123	-1.04299
147	123	-0.0202119
148	123	0.008661
157	123	-0.0282804
158	123	0.0347927
165	123	-0.0258524
166	123	0.019479
173	123	-0.0066378
174	123	0.000904709
803	123	0.0042321
804	123	-0.0517066
111	124	0.0245352
112	124	0.0104089
115	124	-0.123574
116	124	-0.0380288
123	124	-1.04299
124	124	1.57021
148	124	-0.0377599
158	124	-0.00703509
166	124	-0.0732735
174	124	0.0141063
804	124	-0.0204216
2017	124	0.0225707
2036	124	-0.172189
2057	124	-0.123332
125	125	0.550112
126	125	-0.0197481
127	125	-0.00244476
128	125	-0.012546
129	125	-0.500353
167	125	-0.0120238
168	125	0.00214761
169	125	-0.0114574
170	125	0.0104344
269	125	-0.0154356
270	125	0.013435
339	125	-0.0114363
340	125	0.00949813
125	126	-0.0197481
126	126	0.578903
127	126	-0.00912034
128	126	-0.00430654
129	126	0.0168256
130	126	-0.51391
133	126	-0.00249636
134	126	-0.0258064
141	126	-0.00400916
142	126	-0.017994
143	126	0.0082021
144	126	-0.00613934
169	126	-0.0129795
170	126	0.0128489
93	127	-0.0123386
125	127	-0.00244476
126	127	-0.00912034
127	127	0.634139
128	127	-0.584032
131	127	-0.00491999
132	127	-0.0157734
133	127	0.0021791
134	127	-0.0154828
167	127	-0.0174732
168	127	0.0255503
93	128	-0.0011676
94	128	-0.0350182
125	128	-0.012546
126	128	-0.00430654
127	128	-0.584032
128	128	0.965172
129	128	-0.00689916
130	128	-0.0108079
132	128	-0.0218161
134	128	-0.0504046
168	128	-0.108486
1906	128	-0.0923531
1910	128	-0.0538555
2005	128	0.0177879
125	129	-0.500353
126	129	0.0168256
128	129	-0.00689916
129	129	0.767769
130	129	-0.0216192
168	129	-0.0498349
170	129	-0.0591746
270	129	-0.0122135
340	129	-0.012928
1906	129	-0.0496266
2044	129	-0.0714889
126	130	-0.51391
128	130	-0.0108079
129	130	-0.0216192
130	130	0.945337
134	130	-0.021737
143	130	-0.1374
144	130	-0.0801894
170	130	-0.0252713
1731	130	0.0760805
1906	130	-0.209939
93	131	0.00491966
109	131	-0.0160341
127	131	-0.00491999
131	131	0.689811
132	131	-0.6289
133	131	-0.0152424
134	131	0.0113108
197	131	-0.00369923
198	131	-0.011513
199	131	0.00316262
200	131	-0.0284839
93	132	-0.0258183
94	132	-0.0346422
109	132	0.000482975
110	132	-0.0603113
127	132	-0.0157734
128	132	-0.0218161
131	132	-0.6289
132	132	1.06546
134	132	-0.0323812
198	132	-0.0315527
200	132	-0.075991
1813	132	0.00159195
1910	132	-0.135969
1912	132	-0.00251271
126	133	-0.00249636
127	133	0.0021791
131	133	-0.0152424
133	133	0.690529
134	133	-0.632498
141	133	-0.0170483
144	133	0.0183667
199	133	-9.97304e-06
200	133	-0.0199219
201	133	0.00244168
202	133	-0.0259636
126	134	-0.0258064
127	134	-0.0154828
128	134	-0.0504046
130	134	-0.021737
131	134	0.0113108
132	134	-0.0323812
133	134	-0.632498
134	134	1.02842
144	134	-0.0582258
200	134	-0.044529
202	134	-0.0241462
1808	134	-0.0669606
1906	134	-0.0370157
1910	134	-0.0288319
83	135	0.00590964
95	135	-0.00226982
109	135	-0.0195472
135	135	0.911125
136	135	-0.826943
145	135	-0.0281186
146	135	0.0155272
197	135	-0.0100453
198	135	-0.00872895
1159	135	0.00597299
1160	135	-0.0418156
83	136	-0.0313343
86	136	0.0056501
95	136	-0.0347122
96	136	-0.085167
109	136	0.00528169
110	136	-0.0338384
135	136	-0.826943
136	136	1.36227
146	136	-0.0332605
198	136	-0.0698215
1160	136	-0.063107
1813	136	-0.122383
1913	136	0.0279466
1917	136	-0.0966294
112	137	-0.000414023
113	137	-0.0157506
137	137	0.441651
138	137	-0.386204
139	137	-0.00502736
140	137	0.00470655
195	137	-0.0051914
196	137	-0.0119839
211	137	-0.00688126
212	137	-0.000547621
291	137	0.00181756
292	137	-0.0160425
112	138	-0.0078827
113	138	-0.00301547
114	138	-0.0671134
116	138	-0.0261199
137	138	-0.386204
138	138	0.675573
140	138	-0.0207349
196	138	-0.043077
212	138	-0.0181563
292	138	0.00273908
1988	138	-0.0265659
2016	138	-0.0697194
2017	138	-0.00919866
111	139	-0.0140624
113	139	-0.000316778
137	139	-0.00502736
139	139	0.658442
140	139	-0.589871
159	139	-0.00928651
161	139	-0.018173
162	139	-0.00345176
163	139	-0.00349523
173	139	-0.00212206
174	139	-0.00751349
195	139	-0.000128415
196	139	-0.00462484
111	140	-0.00468435
113	140	-0.0159001
114	140	-0.034783
115	140	-0.0678032
137	140	0.00470655
138	140	-0.0207349
139	140	-0.589871
140	140	0.963688
162	140	-0.0609117
163	140	-0.000186621
174	140	-0.00815196
196	140	-0.00709731
1988	140	-0.114523
2017	140	-0.00138845
2018	140	-0.041266
126	141	-0.00400916
133	141	-0.0170483
141	141	0.809272
142	141	-0.017753
143	141	0.0224878
144	141	-0.751809
185	141	-0.0223525
186	141	0.0232274
193	141	-0.0144692
194	141	0.0138748
201	141	0.00303609
202	141	-0.0229924
879	141	0.0038379
880	141	-0.0249226
126	142	-0.017994
141	142	-0.017753
142	142	0.438401
143	142	-0.396054
169	142	-0.0131168
170	142	0.0127961
185	142	-0.0163419
186	142	0.0118414
265	142	-0.0153689
268	142	0.0136871
126	143	0.0082021
130	143	-0.1374
141	143	0.0224878
142	143	-0.396054
143	143	0.794721
144	143	-0.0418359
170	143	-0.0735177
186	143	-0.0737051
268	143	-0.0587153
1731	143	-0.0772341
1732	143	-0.0122147
1733	143	0.00700593
1906	143	0.0389486
126	144	-0.00613934
130	144	-0.0801894
133	144	0.0183667
134	144	-0.0582258
141	144	-0.751809
143	144	-0.0418359
144	144	1.25624
186	144	-0.0255487
194	144	-0.0484711
202	144	-0.0190277
880	144	-0.0883747
1731	144	-0.197528
1808	144	-0.0460188
1809	144	0.0274001
1812	144	0.0289695
1906	144	0.0342117
73	145	-0.000218029
95	145	0.00374497
135	145	-0.0281186
145	145	1.32582
146	145	-1.22535
1159	145	-0.00107568
1160	145	-0.0130108
1353	145	0.000777587
1354	145	-0.0423467
1445	145	-0.0107814
1446	145	-0.0187893
1505	145	-0.020628
1506	145	0.032117
73	146	-0.0383653
74	146	-0.0568226
95	146	-0.0224845
96	146	-0.0137991
135	146	0.0155272
136	146	-0.0332605
145	146	-1.22535
146	146	1.82861
1160	146	-0.0412305
1354	146	-0.0556288
1446	146	-0.00918344
1506	146	-0.0371617
1820	146	-0.202594
1917	146	-0.119994
1922	146	0.0183037
112	147	-0.0206475
123	147	-0.0202119
147	147	0.621543
148	147	-0.551794
157	147	-0.0323314
158	147	0.0281217
207	147	-0.0200182
208	147	0.00794743
209	147	-0.00104891
210	147	-0.0111983
112	148	0.010728
116	148	-0.0702431
123	148	0.008661
124	148	-0.0377599
147	148	-0.551794
148	148	0.956448
158	148	-0.0855609
208	148	-0.0781094
210	148	-0.0159825
2049	148	-0.0773141
2056	148	0.0196686
2057	148	-0.0773368
149	149	0.692302
150	149	-0.0036278
151	149	-0.0157638
152	149	0.0242855
153	149	-0.638882
155	149	-0.00877086
156	149	0.00810919
183	149	-0.0120026
184	149	0.00844855
193	149	0.0025595
194	149	-0.0229372
213	149	-0.0034296
214	149	-0.00836343
215	149	0.01016
216	149	-0.0318519
149	150	-0.0036278
150	150	0.587365
151	150	-0.0112772
152	150	-0.00683036
153	150	-0.0116372
154	150	-0.523867
183	150	-0.00103
184	150	-0.0166915
187	150	-0.014096
188	150	0.014809
401	150	-0.0105312
402	150	0.00146685
483	150	-0.0124105
484	150	0.00860583
149	151	-0.0157638
150	151	-0.0112772
151	151	0.470777
152	151	-0.421717
155	151	-0.00246083
156	151	-0.0153844
187	151	-0.0212042
188	151	0.023418
189	151	-0.00790786
190	151	0.00163593
149	152	0.0242855
150	152	-0.00683036
151	152	-0.421717
152	152	0.731165
153	152	-0.0246954
154	152	-0.0686283
156	152	-0.0711912
188	152	-0.0367927
190	152	-0.0555465
1744	152	-0.0337329
1745	152	0.0216661
1747	152	-0.0574829
149	153	-0.638882
150	153	-0.0116372
152	153	-0.0246954
153	153	0.92112
154	153	0.00419885
156	153	-0.029623
184	153	-0.0494135
194	153	0.00741886
214	153	-0.0127345
216	153	-0.0163151
1744	153	-0.0694859
1897	153	-0.0483691
1905	153	-0.0309139
150	154	-0.523867
152	154	-0.0686283
153	154	0.00419885
154	154	0.850371
184	154	-0.0295172
188	154	-0.0384148
402	154	-0.0451097
484	154	-0.0288732
1744	154	-0.080635
1747	154	0.0185242
1801	154	-0.0567171
1802	154	-0.000516793
149	155	-0.00877086
151	155	-0.00246083
155	155	0.4491
156	155	-0.409455
189	155	-0.015237
190	155	0.0227161
213	155	0.00537832
214	155	-0.0212968
285	155	0.00143787
286	155	-0.0176295
287	155	-0.00350243
288	155	-0.000209583
149	156	0.00810919
151	156	-0.0153844
152	156	-0.0711912
153	156	-0.029623
155	156	-0.409455
156	156	0.683162
190	156	-0.0162954
214	156	-0.00907751
286	156	-0.0414854
288	156	-0.0159189
1744	156	0.00221444
1745	156	-0.0522366
1905	156	-0.0324231
91	157	-0.0101314
107	157	0.0101433
123	157	-0.0282804
147	157	-0.0323314
157	157	1.10479
158	157	-1.02485
165	157	0.00579998
166	157	-0.0189206
205	157	-0.0200096
206	157	0.024791
207	157	0.00149329
208	157	-0.011485
91	158	-0.0198626
92	158	-0.0199322
107	158	-0.0361033
108	158	-0.0237545
123	158	0.0347927
124	158	-0.00703509
147	158	0.0281217
148	158	-0.0855609
157	158	-1.02485
158	158	1.52739
166	158	-0.0668358
206	158	-0.0320911
208	158	-0.013248
1995	158	-0.0865385
2056	158	-0.0866312
2057	158	-0.0838515
139	159	-0.00928651
159	159	0.524748
160	159	-0.0117582
161	159	-0.00848339
162	159	0.00754505
163	159	-0.47624
191	159	-0.00242482
192	159	-0.00638107
195	159	-0.00798884
196	159	0.00210188
217	159	0.00222247
218	159	-0.0138828
159	160	-0.0117582
160	160	0.612997
161	160	-0.0147111
162	160	0.00979604
163	160	0.00202857
164	160	-0.541344
181	160	-0.0206749
182	160	0.0101618
187	160	-0.00838314
188	160	-0.000681106
189	160	9.83997e-05
190	160	-0.0172637
191	160	-0.0007062
192	160	-0.0192309
139	161	-0.018173
159	161	-0.00848339
160	161	-0.0147111
161	161	0.78071
162	161	-0.702952
173	161	-0.0218692
174	161	0.01333
179	161	-0.018889
180	161	-0.00852545
181	161	-0.00451784
182	161	0.00462861
139	162	-0.00345176
140	162	-0.0609117
159	162	0.00754505
160	162	0.00979604
161	162	-0.702952
162	162	1.12929
163	162	-0.0713583
164	162	-0.0190223
174	162	-0.00932372
180	162	-0.10741
182	162	-0.0212549
1898	162	-0.10872
1988	162	0.0199131
2018	162	-0.0604906
139	163	-0.00349523
140	163	-0.000186621
159	163	-0.47624
160	163	0.00202857
162	163	-0.0713583
163	163	0.802226
164	163	-0.04133
192	163	-0.0257568
196	163	-0.055787
218	163	-0.0278823
1769	163	-0.0153706
1898	163	-0.0296601
1988	163	-0.0575722
1989	163	0.00120088
160	164	-0.541344
162	164	-0.0190223
163	164	-0.04133
164	164	0.933405
182	164	-0.0988677
188	164	-0.063217
190	164	-0.0401751
192	164	-0.0333586
1747	164	-0.00269372
1769	164	-0.0204522
1776	164	0.0179144
1898	164	-0.0895688
49	165	-0.000395792
91	165	0.0195561
123	165	-0.0258524
157	165	0.00579998
165	165	1.17518
166	165	-1.06623
803	165	-0.00364445
804	165	-0.0467764
877	165	0.0268324
878	165	-0.0826382
49	166	-0.022433
53	166	-0.0927373
91	166	-0.0777704
92	166	-0.0898538
123	166	0.019479
124	166	-0.0732735
157	166	-0.0189206
158	166	-0.0668358
165	166	-1.06623
166	166	1.78828
804	166	-0.0779867
878	166	-0.0190919
1833	166	-0.0777475
1936	166	-0.00461519
1995	166	-0.0560841
2036	166	-0.0939287
2057	166	0.0400608
93	167	-0.00907072
117	167	-0.00685736
125	167	-0.0120238
127	167	-0.0174732
167	167	0.604945
168	167	-0.564843
175	167	-0.0178657
176	167	0.0221489
339	167	-0.0102031
340	167	0.0114022
93	168	0.00442413
94	168	-0.0199776
117	168	-0.0109775
118	168	-0.0280131
125	168	0.00214761
127	168	0.0255503
128	168	-0.108486
129	168	-0.0498349
167	168	-0.564843
168	168	0.947357
176	168	-0.0458754
340	168	-0.0186105
1906	168	0.0369986
2005	168	-0.151241
2044	168	-0.0177702
125	169	-0.0114574
126	169	-0.0129795
142	169	-0.0131168
169	169	0.492006
170	169	-0.457828
265	169	-0.0105742
266	169	-0.0139508
267	169	0.0131008
268	169	0.0123863
269	169	-0.00811425
270	169	0.0106045
125	170	0.0104344
126	170	0.0128489
129	170	-0.0591746
130	170	-0.0252713
142	170	0.0127961
143	170	-0.0735177
169	170	-0.457828
170	170	0.758601
267	170	-0.0190806
268	170	-0.0189011
270	170	-0.0510467
1732	170	-0.0837711
1906	170	-0.0139373
2044	170	0.00833677
77	171	0.0120367
79	171	0.0183182
121	171	-0.0201358
171	171	0.832078
172	171	-0.765134
571	171	0.00490552
572	171	-0.0309707
653	171	0.00615481
654	171	-0.0429685
717	171	-0.000631476
718	171	-0.0130947
77	172	-0.0547286
78	172	-0.0203026
79	172	-0.0532224
80	172	-0.0150172
121	172	0.0176763
122	172	-0.0487624
171	172	-0.765134
172	172	1.20251
572	172	-0.0160608
654	172	-0.00456221
718	172	-0.068764
2009	172	-0.171721
111	173	-0.00729607
123	173	-0.0066378
139	173	-0.00212206
161	173	-0.0218692
173	173	1.306
174	173	-1.20424
179	173	-0.0102814
180	173	0.0140039
803	173	-0.0147508
804	173	0.0158112
807	173	-0.00585197
808	173	-0.0139137
867	173	0.00980249
868	173	-0.0566661
111	174	-0.0274807
115	174	-0.0824115
123	174	0.000904709
124	174	0.0141063
139	174	-0.00751349
140	174	-0.00815196
161	174	0.01333
162	174	-0.00932372
173	174	-1.20424
174	174	1.76077
180	174	-0.0550366
804	174	-0.0616354
808	174	-0.0072634
868	174	-0.0112106
1938	174	-0.11049
2018	174	-0.124571
2036	174	-0.0740542
117	175	-0.00955551
119	175	-0.000926411
167	175	-0.0178657
175	175	0.577879
176	175	-0.532667
177	175	-0.0196471
178	175	0.021644
339	175	-0.005634
340	175	-0.00450019
403	175	-0.00655564
404	175	-0.00198971
117	176	0.000268565
118	176	-0.0173428
119	176	-0.0121387
120	176	-0.0543978
167	176	0.0221489
168	176	-0.0458754
175	176	-0.532667
176	176	0.872003
178	176	-0.0341225
340	176	-0.0733986
404	176	-0.0158041
2004	176	-0.0748961
2005	176	-0.0562466
2044	176	0.0233376
119	177	-0.00295843
121	177	0.0023927
175	177	-0.0196471
177	177	0.625513
178	177	-0.57895
403	177	-0.00242788
404	177	-0.00970519
487	177	-0.00732431
488	177	-0.0067969
571	177	-0.0133076
572	177	0.0134451
119	178	-0.0113442
120	178	-0.0219775
121	178	-0.0239242
122	178	-0.103594
175	178	0.021644
176	178	-0.0341225
177	178	-0.57895
178	178	1.08116
404	178	-0.013965
488	178	-0.0144502
572	178	-0.135405
2004	178	-0.239959
2009	178	0.0758694
161	179	-0.018889
173	179	-0.0102814
179	179	0.89248
180	179	-0.800647
181	179	-0.0131485
182	179	0.00496152
649	179	-0.0127524
650	179	0.00517186
723	179	-0.0148345
724	179	-0.00258016
807	179	-0.00290725
808	179	-0.0256035
161	180	-0.00852545
162	180	-0.10741
173	180	0.0140039
174	180	-0.0550366
179	180	-0.800647
180	180	1.36678
182	180	-0.0915801
650	180	-0.0198288
724	180	-0.0685108
808	180	-0.0739251
1860	180	-0.102883
1898	180	0.036848
1938	180	-0.023243
2018	180	-0.06168
160	181	-0.0206749
161	181	-0.00451784
179	181	-0.0131485
181	181	0.73508
182	181	-0.66987
187	181	-0.00401618
188	181	-0.00537024
569	181	-0.0113195
570	181	0.000507508
649	181	-0.00884467
650	181	0.00256481
160	182	0.0101618
161	182	0.00462861
162	182	-0.0212549
164	182	-0.0988677
179	182	0.00496152
180	182	-0.0915801
181	182	-0.66987
182	182	1.13984
188	182	-0.00236561
570	182	-0.013571
650	182	-0.0955308
1776	182	-0.126716
1860	182	0.0130509
