432	432	14184
1	1	0.885907
2	1	0.45654
3	1	0.176838
4	1	0.427013
5	1	0.0840498
6	1	0.168004
7	1	-0.383716
8	1	-0.0523522
9	1	-0.0286821
10	1	-0.218673
11	1	-0.0175912
12	1	-0.0998928
265	1	-0.0405482
266	1	-0.261985
267	1	-0.0216681
268	1	-0.322494
269	1	-0.0953075
270	1	-0.0232653
301	1	-0.0659895
302	1	-0.0836689
303	1	-0.00892712
304	1	-0.0932246
305	1	-0.0231335
306	1	-0.0190104
319	1	0.0232356
320	1	-0.00147524
321	1	0.00798059
322	1	-0.00385382
323	1	-0.0152131
324	1	-0.0085945
1	2	0.45654
2	2	0.885115
3	2	0.173266
4	2	0.45654
5	2	0.173266
6	2	0.0903669
7	2	-0.107798
8	2	-0.0341004
9	2	-0.0105735
10	2	-0.107798
11	2	-0.0105735
12	2	-0.041255
265	2	-0.0772471
266	2	-0.310589
267	2	-0.0243876
268	2	-0.162516
269	2	-0.0687595
270	2	-0.0167661
301	2	-0.0772471
302	2	-0.310589
303	2	-0.0243876
304	2	-0.162516
305	2	-0.0687595
306	2	-0.0167661
319	2	0.0712903
320	2	-0.0166965
321	2	0.00308932
322	2	-0.0166965
323	2	-0.0144355
324	2	0.00308932
1	3	0.176838
2	3	0.173266
3	3	0.0529386
4	3	0.0840498
5	3	0.0274065
6	3	0.0288487
7	3	-0.0514843
8	3	-0.00978326
9	3	-0.00399026
10	3	-0.0307403
11	3	-0.00316798
12	3	-0.0148325
265	3	-0.0123146
266	3	-0.0882477
267	3	-0.00741985
268	3	-0.0657663
269	3	-0.0259569
270	3	-0.00377225
301	3	-0.0201771
302	3	-0.036405
303	3	-0.00297873
304	3	-0.023079
305	3	-0.00733927
306	3	-0.00505636
319	3	0.011678
320	3	0.00116732
321	3	0.00296919
322	3	-0.00751674
323	3	-0.00354931
324	3	-0.00248567
1	4	0.427013
2	4	0.45654
3	4	0.0840498
4	4	0.885907
5	4	0.176838
6	4	0.168004
7	4	-0.218673
8	4	-0.0523522
9	4	-0.0175912
10	4	-0.383716
11	4	-0.0286821
12	4	-0.0998928
265	4	-0.0659895
266	4	-0.0836689
267	4	-0.00892712
268	4	-0.0932246
269	4	-0.0231335
270	4	-0.0190104
301	4	-0.0405482
302	4	-0.261985
303	4	-0.0216681
304	4	-0.322494
305	4	-0.0953075
306	4	-0.0232653
319	4	0.0232356
320	4	-0.00385382
321	4	-0.0085945
322	4	-0.00147524
323	4	-0.0152131
324	4	0.00798059
1	5	0.0840498
2	5	0.173266
3	5	0.0274065
4	5	0.176838
5	5	0.0529386
6	5	0.0288487
7	5	-0.0307403
8	5	-0.00978326
9	5	-0.00316798
10	5	-0.0514843
11	5	-0.00399026
12	5	-0.0148325
265	5	-0.0201771
266	5	-0.036405
267	5	-0.00297873
268	5	-0.023079
269	5	-0.00733927
270	5	-0.00505636
301	5	-0.0123146
302	5	-0.0882477
303	5	-0.00741985
304	5	-0.0657663
305	5	-0.0259569
306	5	-0.00377225
319	5	0.011678
320	5	-0.00751674
321	5	-0.00248567
322	5	0.00116732
323	5	-0.00354931
324	5	0.00296919
1	6	0.168004
2	6	0.0903669
3	6	0.0288487
4	6	0.168004
5	6	0.0288487
6	6	0.0507541
7	6	-0.0869432
8	6	-0.0143677
9	6	-0.00657596
10	6	-0.0869432
11	6	-0.00657596
12	6	-0.0317502
265	6	-0.00798779
266	6	-0.0348577
267	6	-0.00370682
268	6	-0.0330608
269	6	-0.0116074
270	6	-0.00244435
301	6	-0.00798779
302	6	-0.0348577
303	6	-0.00370682
304	6	-0.0330608
305	6	-0.0116074
306	6	-0.00244435
319	6	-0.00483834
320	6	-0.0139935
321	6	-0.00262414
322	6	-0.0139935
323	6	-0.0055333
324	6	-0.00262414
1	7	-0.383716
2	7	-0.107798
3	7	-0.0514843
4	7	-0.218673
5	7	-0.0307403
6	7	-0.0869432
7	7	1.69674
8	7	0.664724
9	7	0.270206
10	7	0.840181
11	7	0.123741
12	7	0.343857
31	7	-0.472456
32	7	-0.164727
33	7	-0.0632298
34	7	-0.673335
35	7	-0.0801112
36	7	-0.175327
37	7	-0.0684171
38	7	-0.141056
39	7	-0.0263392
40	7	-0.0953779
41	7	-0.0279652
42	7	-0.0178541
1	8	-0.0523522
2	8	-0.0341004
3	8	-0.00978326
4	8	-0.0523522
5	8	-0.00978326
6	8	-0.0143677
7	8	0.664724
8	8	1.69674
9	8	0.270206
10	8	0.840181
11	8	0.343857
12	8	0.123741
31	8	-0.0953779
32	8	-0.0684171
33	8	-0.0178541
34	8	-0.141056
35	8	-0.0263392
36	8	-0.0279652
37	8	-0.164727
38	8	-0.673335
39	8	-0.0801112
40	8	-0.472456
41	8	-0.175327
42	8	-0.0632298
1	9	-0.0286821
2	9	-0.0105735
3	9	-0.00399026
4	9	-0.0175912
5	9	-0.00316798
6	9	-0.00657596
7	9	0.270206
8	9	0.270206
9	9	0.0812127
10	9	0.128731
11	9	0.0426681
12	9	0.0426681
31	9	-0.046608
32	9	-0.0239896
33	9	-0.00934665
34	9	-0.0634034
35	9	-0.00899521
36	9	-0.0172835
37	9	-0.0239896
38	9	-0.0634034
39	9	-0.00899521
40	9	-0.046608
41	9	-0.0172835
42	9	-0.00934665
1	10	-0.218673
2	10	-0.107798
3	10	-0.0307403
4	10	-0.383716
5	10	-0.0514843
6	10	-0.0869432
7	10	0.840181
8	10	0.840181
9	10	0.128731
10	10	2.07958
11	10	0.365127
12	10	0.365127
31	10	-0.655083
32	10	-0.160536
33	10	-0.0703105
34	10	-0.341293
35	10	-0.0427389
36	10	-0.137093
37	10	-0.160536
38	10	-0.341293
39	10	-0.0427389
40	10	-0.655083
41	10	-0.137093
42	10	-0.0703105
1	11	-0.0175912
2	11	-0.0105735
3	11	-0.00316798
4	11	-0.0286821
5	11	-0.00399026
6	11	-0.00657596
7	11	0.123741
8	11	0.343857
9	11	0.0426681
10	11	0.365127
11	11	0.113893
12	11	0.0449716
31	11	-0.0546041
32	11	-0.0243345
33	11	-0.00679144
34	11	-0.0337877
35	11	-0.00725388
36	11	-0.00920727
37	11	-0.0412187
38	11	-0.143772
39	11	-0.0142973
40	11	-0.181466
41	11	-0.05291
42	11	-0.0222914
1	12	-0.0998928
2	12	-0.041255
3	12	-0.0148325
4	12	-0.0998928
5	12	-0.0148325
6	12	-0.0317502
7	12	0.343857
8	12	0.123741
9	12	0.0426681
10	12	0.365127
11	12	0.0449716
12	12	0.113893
31	12	-0.181466
32	12	-0.0412187
33	12	-0.0222914
34	12	-0.143772
35	12	-0.0142973
36	12	-0.05291
37	12	-0.0243345
38	12	-0.0337877
39	12	-0.00725388
40	12	-0.0546041
41	12	-0.00920727
42	12	-0.00679144
13	13	0.846036
14	13	0.455776
15	13	0.175323
16	13	0.386321
17	13	0.0833988
18	13	0.153194
19	13	-0.108148
20	13	-0.0177493
21	13	-0.0131747
22	13	-0.0964233
23	13	-0.00736031
24	13	-0.0373212
25	13	-0.0956321
26	13	-0.0580259
27	13	-0.0134374
28	13	-0.0926624
29	13	-0.0148422
30	13	-0.0298163
31	13	-0.114042
32	13	-0.00748855
33	13	-0.00596724
34	13	-0.1782
35	13	-0.0162241
36	13	-0.0543782
307	13	-0.0855272
308	13	-0.0915897
309	13	-0.0310227
310	13	-0.0297129
311	13	-0.0129578
312	13	-0.0104094
313	13	-0.0245584
314	13	-0.0297129
315	13	-0.0104804
316	13	-0.00115759
317	13	-0.00321997
318	13	-0.000535387
319	13	-0.0523522
320	13	-0.218673
321	13	-0.0175912
322	13	-0.383716
323	13	-0.0998928
324	13	-0.0286821
13	14	0.455776
14	14	0.953771
15	14	0.185254
16	14	0.433132
17	14	0.181191
18	14	0.0812863
19	14	-0.0285784
20	14	0.0037437
21	14	-0.00262561
22	14	-0.0177493
23	14	0.00135417
24	14	-0.00985292
25	14	-0.221258
26	14	-0.0600536
27	14	-0.0221597
28	14	-0.327112
29	14	-0.0238672
30	14	-0.0891429
31	14	-0.150441
32	14	-0.026936
33	14	-0.0177766
34	14	-0.0949021
35	14	-0.00890203
36	14	-0.043505
307	14	-0.0245584
308	14	-0.0297129
309	14	-0.0104804
310	14	-0.00115759
311	14	-0.00321997
312	14	-0.000535387
313	14	-0.0855272
314	14	-0.0915897
315	14	-0.0310227
316	14	-0.0297129
317	14	-0.0129578
318	14	-0.0104094
319	14	-0.0523522
320	14	-0.383716
321	14	-0.0286821
322	14	-0.218673
323	14	-0.0998928
324	14	-0.0175912
13	15	0.175323
14	15	0.185254
15	15	0.0560064
16	15	0.0809432
17	15	0.0296311
18	15	0.026606
19	15	-0.0136534
20	15	0.00135417
21	15	-0.00132124
22	15	-0.00736031
23	15	0.000519376
24	15	-0.00455401
25	15	-0.032124
26	15	-0.0133433
27	15	-0.00467749
28	15	-0.0359881
29	15	-0.0028916
30	15	-0.0117419
31	15	-0.0491429
32	15	-0.00882131
33	15	-0.00543192
34	15	-0.0407367
35	15	-0.00400742
36	15	-0.015861
307	15	-0.0102237
308	15	-0.0129578
309	15	-0.00433058
310	15	-0.00321997
311	15	-0.00175252
312	15	-0.000991002
313	15	-0.0102237
314	15	-0.0129578
315	15	-0.00433058
316	15	-0.00321997
317	15	-0.00175252
318	15	-0.000991002
319	15	-0.0143677
320	15	-0.0869432
321	15	-0.00657596
322	15	-0.0869432
323	15	-0.0317502
324	15	-0.00657596
13	16	0.386321
14	16	0.433132
15	16	0.0809432
16	16	0.80911
17	16	0.166264
18	16	0.148959
19	16	-0.0683544
20	16	-0.0285784
21	16	-0.00924182
22	16	-0.108148
23	16	-0.0136534
24	16	-0.0273205
25	16	-0.353514
26	16	-0.063438
27	16	-0.0279782
28	16	-0.204941
29	16	-0.0208237
30	16	-0.0862998
31	16	-0.0340774
32	16	0.00880167
33	16	1.76575e-05
34	16	-0.0405004
35	16	-0.00104031
36	16	-0.018681
307	16	-0.131448
308	16	-0.0855272
309	16	-0.0344818
310	16	-0.0245584
311	16	-0.0102237
312	16	-0.0138755
313	16	-0.131448
314	16	-0.0855272
315	16	-0.0344818
316	16	-0.0245584
317	16	-0.0102237
318	16	-0.0138755
319	16	-0.0341004
320	16	-0.107798
321	16	-0.0105735
322	16	-0.107798
323	16	-0.041255
324	16	-0.0105735
13	17	0.0833988
14	17	0.181191
15	17	0.0296311
16	17	0.166264
17	17	0.0539419
18	17	0.0259756
19	17	-0.00924182
20	17	-0.00262561
21	17	-0.00113813
22	17	-0.0131747
23	17	-0.00132124
24	17	-0.00364463
25	17	-0.0836559
26	17	-0.0161189
27	17	-0.00700533
28	17	-0.0780485
29	17	-0.00623699
30	17	-0.0288587
31	17	-0.0203945
32	17	-0.00206348
33	17	-0.00209085
34	17	-0.0120163
35	17	-0.000774615
36	17	-0.00641957
307	17	-0.0138755
308	17	-0.0104094
309	17	-0.00417305
310	17	-0.000535387
311	17	-0.000991002
312	17	-0.000786666
313	17	-0.0344818
314	17	-0.0310227
315	17	-0.0110664
316	17	-0.0104804
317	17	-0.00433058
318	17	-0.00417305
319	17	-0.00978326
320	17	-0.0514843
321	17	-0.00399026
322	17	-0.0307403
323	17	-0.0148325
324	17	-0.00316798
13	18	0.153194
14	18	0.0812863
15	18	0.026606
16	18	0.148959
17	18	0.0259756
18	18	0.045032
19	18	-0.0273205
20	18	-0.00985292
21	18	-0.00364463
22	18	-0.0373212
23	18	-0.00455401
24	18	-0.0104394
25	18	-0.0421395
26	18	-0.014497
27	18	-0.0037651
28	18	-0.0292607
29	18	-0.00472683
30	18	-0.0108054
31	18	-0.010687
32	18	0.00354993
33	18	0.000568203
34	18	-0.0222514
35	18	-0.00127062
36	18	-0.00755374
307	18	-0.0344818
308	18	-0.0310227
309	18	-0.0110664
310	18	-0.0104804
311	18	-0.00433058
312	18	-0.00417305
313	18	-0.0138755
314	18	-0.0104094
315	18	-0.00417305
316	18	-0.000535387
317	18	-0.000991002
318	18	-0.000786666
319	18	-0.00978326
320	18	-0.0307403
321	18	-0.00316798
322	18	-0.0514843
323	18	-0.0148325
324	18	-0.00399026
13	19	-0.108148
14	19	-0.0285784
15	19	-0.0136534
16	19	-0.0683544
17	19	-0.00924182
18	19	-0.0273205
19	19	0.924374
20	19	0.478688
21	19	0.193861
22	19	0.385068
23	19	0.0791742
24	19	0.15925
25	19	-0.0405004
26	19	-0.0340774
27	19	-0.018681
28	19	0.00880167
29	19	1.76575e-05
30	19	-0.00104031
31	19	-0.063438
32	19	-0.204941
33	19	-0.0208237
34	19	-0.353514
35	19	-0.0862998
36	19	-0.0279782
43	19	-0.0285784
44	19	-0.108148
45	19	-0.0136534
46	19	-0.0683544
47	19	-0.0273205
48	19	-0.00924182
49	19	0.00880167
50	19	-0.0340774
51	19	1.76575e-05
52	19	-0.0405004
53	19	-0.018681
54	19	-0.00104031
55	19	-0.353514
56	19	-0.204941
57	19	-0.0862998
58	19	-0.063438
59	19	-0.0208237
60	19	-0.0279782
13	20	-0.0177493
14	20	0.0037437
15	20	0.00135417
16	20	-0.0285784
17	20	-0.00262561
18	20	-0.00985292
19	20	0.478688
20	20	0.956003
21	20	0.197068
22	20	0.414203
23	20	0.170535
24	20	0.0800885
25	20	-0.0949021
26	20	-0.150441
27	20	-0.043505
28	20	-0.026936
29	20	-0.0177766
30	20	-0.00890203
31	20	-0.0600536
32	20	-0.327112
33	20	-0.0238672
34	20	-0.221258
35	20	-0.0891429
36	20	-0.0221597
43	20	0.0037437
44	20	-0.0177493
45	20	0.00135417
46	20	-0.0285784
47	20	-0.00985292
48	20	-0.00262561
49	20	-0.026936
50	20	-0.150441
51	20	-0.0177766
52	20	-0.0949021
53	20	-0.043505
54	20	-0.00890203
55	20	-0.221258
56	20	-0.327112
57	20	-0.0891429
58	20	-0.0600536
59	20	-0.0238672
60	20	-0.0221597
13	21	-0.0131747
14	21	-0.00262561
15	21	-0.00132124
16	21	-0.00924182
17	21	-0.00113813
18	21	-0.00364463
19	21	0.193861
20	21	0.197068
21	21	0.0622714
22	21	0.0843134
23	21	0.0295417
24	21	0.0284917
25	21	-0.0120163
26	21	-0.0203945
27	21	-0.00641957
28	21	-0.00206348
29	21	-0.00209085
30	21	-0.000774615
31	21	-0.0161189
32	21	-0.0780485
33	21	-0.00623699
34	21	-0.0836559
35	21	-0.0288587
36	21	-0.00700533
43	21	-0.00262561
44	21	-0.0131747
45	21	-0.00132124
46	21	-0.00924182
47	21	-0.00364463
48	21	-0.00113813
49	21	-0.00206348
50	21	-0.0203945
51	21	-0.00209085
52	21	-0.0120163
53	21	-0.00641957
54	21	-0.000774615
55	21	-0.0836559
56	21	-0.0780485
57	21	-0.0288587
58	21	-0.0161189
59	21	-0.00623699
60	21	-0.00700533
13	22	-0.0964233
14	22	-0.0177493
15	22	-0.00736031
16	22	-0.108148
17	22	-0.0131747
18	22	-0.0373212
19	22	0.385068
20	22	0.414203
21	22	0.0843134
22	22	0.740532
23	22	0.150672
24	22	0.141074
25	22	-0.1782
26	22	-0.114042
27	22	-0.0543782
28	22	-0.00748855
29	22	-0.00596724
30	22	-0.0162241
31	22	-0.0580259
32	22	-0.0926624
33	22	-0.0148422
34	22	-0.0956321
35	22	-0.0298163
36	22	-0.0134374
43	22	-0.0177493
44	22	-0.0964233
45	22	-0.00736031
46	22	-0.108148
47	22	-0.0373212
48	22	-0.0131747
49	22	-0.00748855
50	22	-0.114042
51	22	-0.00596724
52	22	-0.1782
53	22	-0.0543782
54	22	-0.0162241
55	22	-0.0956321
56	22	-0.0926624
57	22	-0.0298163
58	22	-0.0580259
59	22	-0.0148422
60	22	-0.0134374
13	23	-0.00736031
14	23	0.00135417
15	23	0.000519376
16	23	-0.0136534
17	23	-0.00132124
18	23	-0.00455401
19	23	0.0791742
20	23	0.170535
21	23	0.0295417
22	23	0.150672
23	23	0.0484613
24	23	0.0234915
25	23	-0.0407367
26	23	-0.0491429
27	23	-0.015861
28	23	-0.00882131
29	23	-0.00543192
30	23	-0.00400742
31	23	-0.0133433
32	23	-0.0359881
33	23	-0.0028916
34	23	-0.032124
35	23	-0.0117419
36	23	-0.00467749
43	23	0.00135417
44	23	-0.00736031
45	23	0.000519376
46	23	-0.0136534
47	23	-0.00455401
48	23	-0.00132124
49	23	-0.00882131
50	23	-0.0491429
51	23	-0.00543192
52	23	-0.0407367
53	23	-0.015861
54	23	-0.00400742
55	23	-0.032124
56	23	-0.0359881
57	23	-0.0117419
58	23	-0.0133433
59	23	-0.0028916
60	23	-0.00467749
13	24	-0.0373212
14	24	-0.00985292
15	24	-0.00455401
16	24	-0.0273205
17	24	-0.00364463
18	24	-0.0104394
19	24	0.15925
20	24	0.0800885
21	24	0.0284917
22	24	0.141074
23	24	0.0234915
24	24	0.0444516
25	24	-0.0222514
26	24	-0.010687
27	24	-0.00755374
28	24	0.00354993
29	24	0.000568203
30	24	-0.00127062
31	24	-0.014497
32	24	-0.0292607
33	24	-0.00472683
34	24	-0.0421395
35	24	-0.0108054
36	24	-0.0037651
43	24	-0.00985292
44	24	-0.0373212
45	24	-0.00455401
46	24	-0.0273205
47	24	-0.0104394
48	24	-0.00364463
49	24	0.00354993
50	24	-0.010687
51	24	0.000568203
52	24	-0.0222514
53	24	-0.00755374
54	24	-0.00127062
55	24	-0.0421395
56	24	-0.0292607
57	24	-0.0108054
58	24	-0.014497
59	24	-0.00472683
60	24	-0.0037651
13	25	-0.0956321
14	25	-0.221258
15	25	-0.032124
16	25	-0.353514
17	25	-0.0836559
18	25	-0.0421395
19	25	-0.0405004
20	25	-0.0949021
21	25	-0.0120163
22	25	-0.1782
23	25	-0.0407367
24	25	-0.0222514
25	25	1.23204
26	25	0.522737
27	25	0.206848
28	25	0.592628
29	25	0.0955016
30	25	0.247108
31	25	-0.0744113
32	25	-0.0826087
33	25	-0.0267953
34	25	-0.0303181
35	25	-0.0107524
36	25	-0.00947771
91	25	-0.353514
92	25	-0.221258
93	25	-0.0836559
94	25	-0.0956321
95	25	-0.032124
96	25	-0.0421395
97	25	-0.1782
98	25	-0.0949021
99	25	-0.0407367
100	25	-0.0405004
101	25	-0.0120163
102	25	-0.0222514
103	25	-0.0303181
104	25	-0.0826087
105	25	-0.0107524
106	25	-0.0744113
107	25	-0.0267953
108	25	-0.00947771
13	26	-0.0580259
14	26	-0.0600536
15	26	-0.0133433
16	26	-0.063438
17	26	-0.0161189
18	26	-0.014497
19	26	-0.0340774
20	26	-0.150441
21	26	-0.0203945
22	26	-0.114042
23	26	-0.0491429
24	26	-0.010687
25	26	0.522737
26	26	1.36483
27	26	0.223645
28	26	0.684566
29	26	0.281191
30	26	0.10702
31	26	-0.281695
32	26	-0.447827
33	26	-0.119592
34	26	-0.0744113
35	26	-0.0464421
36	26	-0.0282792
91	26	-0.063438
92	26	-0.0600536
93	26	-0.0161189
94	26	-0.0580259
95	26	-0.0133433
96	26	-0.014497
97	26	-0.114042
98	26	-0.150441
99	26	-0.0491429
100	26	-0.0340774
101	26	-0.0203945
102	26	-0.010687
103	26	-0.0744113
104	26	-0.447827
105	26	-0.0464421
106	26	-0.281695
107	26	-0.119592
108	26	-0.0282792
13	27	-0.0134374
14	27	-0.0221597
15	27	-0.00467749
16	27	-0.0279782
17	27	-0.00700533
18	27	-0.0037651
19	27	-0.018681
20	27	-0.043505
21	27	-0.00641957
22	27	-0.0543782
23	27	-0.015861
24	27	-0.00755374
25	27	0.206848
26	27	0.223645
27	27	0.0651805
28	27	0.101179
29	27	0.0359269
30	27	0.0330804
31	27	-0.0282792
32	27	-0.0472739
33	27	-0.013757
34	27	-0.00947771
35	27	-0.00490321
36	27	-0.00363966
91	27	-0.0279782
92	27	-0.0221597
93	27	-0.00700533
94	27	-0.0134374
95	27	-0.00467749
96	27	-0.0037651
97	27	-0.0543782
98	27	-0.043505
99	27	-0.015861
100	27	-0.018681
101	27	-0.00641957
102	27	-0.00755374
103	27	-0.00947771
104	27	-0.0472739
105	27	-0.00490321
106	27	-0.0282792
107	27	-0.013757
108	27	-0.00363966
13	28	-0.0926624
14	28	-0.327112
15	28	-0.0359881
16	28	-0.204941
17	28	-0.0780485
18	28	-0.0292607
19	28	0.00880167
20	28	-0.026936
21	28	-0.00206348
22	28	-0.00748855
23	28	-0.00882131
24	28	0.00354993
25	28	0.592628
26	28	0.684566
27	28	0.101179
28	28	1.55152
29	28	0.287305
30	28	0.271595
31	28	-0.447827
32	28	-0.231594
33	28	-0.101832
34	28	-0.0826087
35	28	-0.0236699
36	28	-0.0472739
91	28	-0.204941
92	28	-0.327112
93	28	-0.0780485
94	28	-0.0926624
95	28	-0.0359881
96	28	-0.0292607
97	28	-0.00748855
98	28	-0.026936
99	28	-0.00882131
100	28	0.00880167
101	28	-0.00206348
102	28	0.00354993
103	28	-0.0826087
104	28	-0.231594
105	28	-0.0236699
106	28	-0.447827
107	28	-0.101832
108	28	-0.0472739
13	29	-0.0148422
14	29	-0.0238672
15	29	-0.0028916
16	29	-0.0208237
17	29	-0.00623699
18	29	-0.00472683
19	29	1.76575e-05
20	29	-0.0177766
21	29	-0.00209085
22	29	-0.00596724
23	29	-0.00543192
24	29	0.000568203
25	29	0.0955016
26	29	0.281191
27	29	0.0359269
28	29	0.287305
29	29	0.0914322
30	29	0.0375432
31	29	-0.119592
32	29	-0.101832
33	29	-0.0373333
34	29	-0.0267953
35	29	-0.0104028
36	29	-0.013757
91	29	-0.0208237
92	29	-0.0238672
93	29	-0.00623699
94	29	-0.0148422
95	29	-0.0028916
96	29	-0.00472683
97	29	-0.00596724
98	29	-0.0177766
99	29	-0.00543192
100	29	1.76575e-05
101	29	-0.00209085
102	29	0.000568203
103	29	-0.0267953
104	29	-0.101832
105	29	-0.0104028
106	29	-0.119592
107	29	-0.0373333
108	29	-0.013757
13	30	-0.0298163
14	30	-0.0891429
15	30	-0.0117419
16	30	-0.0862998
17	30	-0.0288587
18	30	-0.0108054
19	30	-0.00104031
20	30	-0.00890203
21	30	-0.000774615
22	30	-0.0162241
23	30	-0.00400742
24	30	-0.00127062
25	30	0.247108
26	30	0.10702
27	30	0.0330804
28	30	0.271595
29	30	0.0375432
30	30	0.0836486
31	30	-0.0464421
32	30	-0.0236699
33	30	-0.0104028
34	30	-0.0107524
35	30	-0.00297744
36	30	-0.00490321
91	30	-0.0862998
92	30	-0.0891429
93	30	-0.0288587
94	30	-0.0298163
95	30	-0.0117419
96	30	-0.0108054
97	30	-0.0162241
98	30	-0.00890203
99	30	-0.00400742
100	30	-0.00104031
101	30	-0.000774615
102	30	-0.00127062
103	30	-0.0107524
104	30	-0.0236699
105	30	-0.00297744
106	30	-0.0464421
107	30	-0.0104028
108	30	-0.00490321
7	31	-0.472456
8	31	-0.0953779
9	31	-0.046608
10	31	-0.655083
11	31	-0.0546041
12	31	-0.181466
13	31	-0.114042
14	31	-0.150441
15	31	-0.0491429
16	31	-0.0340774
17	31	-0.0203945
18	31	-0.010687
19	31	-0.063438
20	31	-0.0600536
21	31	-0.0161189
22	31	-0.0580259
23	31	-0.0133433
24	31	-0.014497
25	31	-0.0744113
26	31	-0.281695
27	31	-0.0282792
28	31	-0.447827
29	31	-0.119592
30	31	-0.0464421
31	31	1.45248
32	31	0.609911
33	31	0.256913
34	31	0.691551
35	31	0.112705
36	31	0.285574
37	31	-0.0233032
38	31	-0.00522744
39	31	0.00446938
40	31	-0.0310216
41	31	-0.0157285
42	31	-0.0249846
7	32	-0.164727
8	32	-0.0684171
9	32	-0.0239896
10	32	-0.160536
11	32	-0.0243345
12	32	-0.0412187
13	32	-0.00748855
14	32	-0.026936
15	32	-0.00882131
16	32	0.00880167
17	32	-0.00206348
18	32	0.00354993
19	32	-0.204941
20	32	-0.327112
21	32	-0.0780485
22	32	-0.0926624
23	32	-0.0359881
24	32	-0.0292607
25	32	-0.0826087
26	32	-0.447827
27	32	-0.0472739
28	32	-0.231594
29	32	-0.101832
30	32	-0.0236699
31	32	0.609911
32	32	1.32824
33	32	0.237093
34	32	0.640401
35	32	0.258752
36	32	0.109182
37	32	-0.0743615
38	32	-0.0144558
39	32	-0.0123748
40	32	-0.0233032
41	32	-6.29801e-05
42	32	-0.027192
7	33	-0.0632298
8	33	-0.0178541
9	33	-0.00934665
10	33	-0.0703105
11	33	-0.00679144
12	33	-0.0222914
13	33	-0.00596724
14	33	-0.0177766
15	33	-0.00543192
16	33	1.76575e-05
17	33	-0.00209085
18	33	0.000568203
19	33	-0.0208237
20	33	-0.0238672
21	33	-0.00623699
22	33	-0.0148422
23	33	-0.0028916
24	33	-0.00472683
25	33	-0.0267953
26	33	-0.119592
27	33	-0.013757
28	33	-0.101832
29	33	-0.0373333
30	33	-0.0104028
31	33	0.256913
32	33	0.237093
33	33	0.0753894
34	33	0.111981
35	33	0.0357079
36	33	0.0408661
37	33	-0.027192
38	33	-0.0148415
39	33	-0.0042005
40	33	-0.0249846
41	33	-0.00512406
42	33	-0.00935652
7	34	-0.673335
8	34	-0.141056
9	34	-0.0634034
10	34	-0.341293
11	34	-0.0337877
12	34	-0.143772
13	34	-0.1782
14	34	-0.0949021
15	34	-0.0407367
16	34	-0.0405004
17	34	-0.0120163
18	34	-0.0222514
19	34	-0.353514
20	34	-0.221258
21	34	-0.0836559
22	34	-0.0956321
23	34	-0.032124
24	34	-0.0421395
25	34	-0.0303181
26	34	-0.0744113
27	34	-0.00947771
28	34	-0.0826087
29	34	-0.0267953
30	34	-0.0107524
31	34	0.691551
32	34	0.640401
33	34	0.111981
34	34	1.52918
35	34	0.278349
36	34	0.28134
37	34	-0.0144558
38	34	0.0678235
39	34	0.00784471
40	34	-0.00522744
41	34	0.00534287
42	34	-0.0148415
7	35	-0.0801112
8	35	-0.0263392
9	35	-0.00899521
10	35	-0.0427389
11	35	-0.00725388
12	35	-0.0142973
13	35	-0.0162241
14	35	-0.00890203
15	35	-0.00400742
16	35	-0.00104031
17	35	-0.000774615
18	35	-0.00127062
19	35	-0.0862998
20	35	-0.0891429
21	35	-0.0288587
22	35	-0.0298163
23	35	-0.0117419
24	35	-0.0108054
25	35	-0.0107524
26	35	-0.0464421
27	35	-0.00490321
28	35	-0.0236699
29	35	-0.0104028
30	35	-0.00297744
31	35	0.112705
32	35	0.258752
33	35	0.0357079
34	35	0.278349
35	35	0.0840821
36	35	0.0389958
37	35	-0.0123748
38	35	0.00784471
39	35	-0.00140437
40	35	0.00446938
41	35	0.00288327
42	35	-0.0042005
7	36	-0.175327
8	36	-0.0279652
9	36	-0.0172835
10	36	-0.137093
11	36	-0.00920727
12	36	-0.05291
13	36	-0.0543782
14	36	-0.043505
15	36	-0.015861
16	36	-0.018681
17	36	-0.00641957
18	36	-0.00755374
19	36	-0.0279782
20	36	-0.0221597
21	36	-0.00700533
22	36	-0.0134374
23	36	-0.00467749
24	36	-0.0037651
25	36	-0.00947771
26	36	-0.0282792
27	36	-0.00363966
28	36	-0.0472739
29	36	-0.013757
30	36	-0.00490321
31	36	0.285574
32	36	0.109182
33	36	0.0408661
34	36	0.28134
35	36	0.0389958
36	36	0.0886126
37	36	-6.29801e-05
38	36	0.00534287
39	36	0.00288327
40	36	-0.0157285
41	36	-0.00438034
42	36	-0.00512406
7	37	-0.0684171
8	37	-0.164727
9	37	-0.0239896
10	37	-0.160536
11	37	-0.0412187
12	37	-0.0243345
31	37	-0.0233032
32	37	-0.0743615
33	37	-0.027192
34	37	-0.0144558
35	37	-0.0123748
36	37	-6.29801e-05
37	37	1.10497
38	37	0.688175
39	37	0.245908
40	37	0.535257
41	37	0.117185
42	37	0.18688
85	37	-0.160536
86	37	-0.164727
87	37	-0.0412187
88	37	-0.0684171
89	37	-0.0239896
90	37	-0.0243345
103	37	-0.0144558
104	37	-0.0743615
105	37	-0.0123748
106	37	-0.0233032
107	37	-0.027192
108	37	-6.29801e-05
7	38	-0.141056
8	38	-0.673335
9	38	-0.0634034
10	38	-0.341293
11	38	-0.143772
12	38	-0.0337877
31	38	-0.00522744
32	38	-0.0144558
33	38	-0.0148415
34	38	0.0678235
35	38	0.00784471
36	38	0.00534287
37	38	0.688175
38	38	1.82631
39	38	0.309591
40	38	0.860365
41	38	0.355832
42	38	0.12846
85	38	-0.341293
86	38	-0.673335
87	38	-0.143772
88	38	-0.141056
89	38	-0.0634034
90	38	-0.0337877
103	38	0.0678235
104	38	-0.0144558
105	38	0.00784471
106	38	-0.00522744
107	38	-0.0148415
108	38	0.00534287
7	39	-0.0263392
8	39	-0.0801112
9	39	-0.00899521
10	39	-0.0427389
11	39	-0.0142973
12	39	-0.00725388
31	39	0.00446938
32	39	-0.0123748
33	39	-0.0042005
34	39	0.00784471
35	39	-0.00140437
36	39	0.00288327
37	39	0.245908
38	39	0.309591
39	39	0.0845156
40	39	0.118391
41	39	0.0449112
42	39	0.0338725
85	39	-0.0427389
86	39	-0.0801112
87	39	-0.0142973
88	39	-0.0263392
89	39	-0.00899521
90	39	-0.00725388
103	39	0.00784471
104	39	-0.0123748
105	39	-0.00140437
106	39	0.00446938
107	39	-0.0042005
108	39	0.00288327
7	40	-0.0953779
8	40	-0.472456
9	40	-0.046608
10	40	-0.655083
11	40	-0.181466
12	40	-0.0546041
31	40	-0.0310216
32	40	-0.0233032
33	40	-0.0249846
34	40	-0.00522744
35	40	0.00446938
36	40	-0.0157285
37	40	0.535257
38	40	0.860365
39	40	0.118391
40	40	1.54013
41	40	0.347502
42	40	0.232635
85	40	-0.655083
86	40	-0.472456
87	40	-0.181466
88	40	-0.0953779
89	40	-0.046608
90	40	-0.0546041
103	40	-0.00522744
104	40	-0.0233032
105	40	0.00446938
106	40	-0.0310216
107	40	-0.0249846
108	40	-0.0157285
7	41	-0.0279652
8	41	-0.175327
9	41	-0.0172835
10	41	-0.137093
11	41	-0.05291
12	41	-0.00920727
31	41	-0.0157285
32	41	-6.29801e-05
33	41	-0.00512406
34	41	0.00534287
35	41	0.00288327
36	41	-0.00438034
37	41	0.117185
38	41	0.355832
39	41	0.0449112
40	41	0.347502
41	41	0.112045
42	41	0.0458053
85	41	-0.137093
86	41	-0.175327
87	41	-0.05291
88	41	-0.0279652
89	41	-0.0172835
90	41	-0.00920727
103	41	0.00534287
104	41	-6.29801e-05
105	41	0.00288327
106	41	-0.0157285
107	41	-0.00512406
108	41	-0.00438034
7	42	-0.0178541
8	42	-0.0632298
9	42	-0.00934665
10	42	-0.0703105
11	42	-0.0222914
12	42	-0.00679144
31	42	-0.0249846
32	42	-0.027192
33	42	-0.00935652
34	42	-0.0148415
35	42	-0.0042005
36	42	-0.00512406
37	42	0.18688
38	42	0.12846
39	42	0.0338725
40	42	0.232635
41	42	0.0458053
42	42	0.0593467
85	42	-0.0703105
86	42	-0.0632298
87	42	-0.0222914
88	42	-0.0178541
89	42	-0.00934665
90	42	-0.00679144
103	42	-0.0148415
104	42	-0.027192
105	42	-0.0042005
106	42	-0.0249846
107	42	-0.00935652
108	42	-0.00512406
19	43	-0.0285784
20	43	0.0037437
21	43	-0.00262561
22	43	-0.0177493
23	43	0.00135417
24	43	-0.00985292
43	43	0.953771
44	43	0.455776
45	43	0.185254
46	43	0.433132
47	43	0.0812863
48	43	0.181191
49	43	-0.327112
50	43	-0.0600536
51	43	-0.0238672
52	43	-0.221258
53	43	-0.0221597
54	43	-0.0891429
55	43	-0.0949021
56	43	-0.026936
57	43	-0.00890203
58	43	-0.150441
59	43	-0.0177766
60	43	-0.043505
307	43	-0.0245584
308	43	-0.0297129
309	43	-0.0104804
310	43	-0.00115759
311	43	-0.00321997
312	43	-0.000535387
325	43	-0.0915897
326	43	-0.0297129
327	43	-0.0129578
328	43	-0.0855272
329	43	-0.0104094
330	43	-0.0310227
331	43	-0.0523522
332	43	-0.218673
333	43	-0.0175912
334	43	-0.383716
335	43	-0.0998928
336	43	-0.0286821
19	44	-0.108148
20	44	-0.0177493
21	44	-0.0131747
22	44	-0.0964233
23	44	-0.00736031
24	44	-0.0373212
43	44	0.455776
44	44	0.846036
45	44	0.175323
46	44	0.386321
47	44	0.153194
48	44	0.0833988
49	44	-0.0926624
50	44	-0.0580259
51	44	-0.0148422
52	44	-0.0956321
53	44	-0.0134374
54	44	-0.0298163
55	44	-0.1782
56	44	-0.00748855
57	44	-0.0162241
58	44	-0.114042
59	44	-0.00596724
60	44	-0.0543782
307	44	-0.0855272
308	44	-0.0915897
309	44	-0.0310227
310	44	-0.0297129
311	44	-0.0129578
312	44	-0.0104094
325	44	-0.0297129
326	44	-0.00115759
327	44	-0.00321997
328	44	-0.0245584
329	44	-0.000535387
330	44	-0.0104804
331	44	-0.0523522
332	44	-0.383716
333	44	-0.0286821
334	44	-0.218673
335	44	-0.0998928
336	44	-0.0175912
19	45	-0.0136534
20	45	0.00135417
21	45	-0.00132124
22	45	-0.00736031
23	45	0.000519376
24	45	-0.00455401
43	45	0.185254
44	45	0.175323
45	45	0.0560064
46	45	0.0809432
47	45	0.026606
48	45	0.0296311
49	45	-0.0359881
50	45	-0.0133433
51	45	-0.0028916
52	45	-0.032124
53	45	-0.00467749
54	45	-0.0117419
55	45	-0.0407367
56	45	-0.00882131
57	45	-0.00400742
58	45	-0.0491429
59	45	-0.00543192
60	45	-0.015861
307	45	-0.0102237
308	45	-0.0129578
309	45	-0.00433058
310	45	-0.00321997
311	45	-0.00175252
312	45	-0.000991002
325	45	-0.0129578
326	45	-0.00321997
327	45	-0.00175252
328	45	-0.0102237
329	45	-0.000991002
330	45	-0.00433058
331	45	-0.0143677
332	45	-0.0869432
333	45	-0.00657596
334	45	-0.0869432
335	45	-0.0317502
336	45	-0.00657596
19	46	-0.0683544
20	46	-0.0285784
21	46	-0.00924182
22	46	-0.108148
23	46	-0.0136534
24	46	-0.0273205
43	46	0.433132
44	46	0.386321
45	46	0.0809432
46	46	0.80911
47	46	0.148959
48	46	0.166264
49	46	-0.204941
50	46	-0.063438
51	46	-0.0208237
52	46	-0.353514
53	46	-0.0279782
54	46	-0.0862998
55	46	-0.0405004
56	46	0.00880167
57	46	-0.00104031
58	46	-0.0340774
59	46	1.76575e-05
60	46	-0.018681
307	46	-0.131448
308	46	-0.0855272
309	46	-0.0344818
310	46	-0.0245584
311	46	-0.0102237
312	46	-0.0138755
325	46	-0.0855272
326	46	-0.0245584
327	46	-0.0102237
328	46	-0.131448
329	46	-0.0138755
330	46	-0.0344818
331	46	-0.0341004
332	46	-0.107798
333	46	-0.0105735
334	46	-0.107798
335	46	-0.041255
336	46	-0.0105735
19	47	-0.0273205
20	47	-0.00985292
21	47	-0.00364463
22	47	-0.0373212
23	47	-0.00455401
24	47	-0.0104394
43	47	0.0812863
44	47	0.153194
45	47	0.026606
46	47	0.148959
47	47	0.045032
48	47	0.0259756
49	47	-0.0292607
50	47	-0.014497
51	47	-0.00472683
52	47	-0.0421395
53	47	-0.0037651
54	47	-0.0108054
55	47	-0.0222514
56	47	0.00354993
57	47	-0.00127062
58	47	-0.010687
59	47	0.000568203
60	47	-0.00755374
307	47	-0.0344818
308	47	-0.0310227
309	47	-0.0110664
310	47	-0.0104804
311	47	-0.00433058
312	47	-0.00417305
325	47	-0.0104094
326	47	-0.000535387
327	47	-0.000991002
328	47	-0.0138755
329	47	-0.000786666
330	47	-0.00417305
331	47	-0.00978326
332	47	-0.0514843
333	47	-0.00399026
334	47	-0.0307403
335	47	-0.0148325
336	47	-0.00316798
19	48	-0.00924182
20	48	-0.00262561
21	48	-0.00113813
22	48	-0.0131747
23	48	-0.00132124
24	48	-0.00364463
43	48	0.181191
44	48	0.0833988
45	48	0.0296311
46	48	0.166264
47	48	0.0259756
48	48	0.0539419
49	48	-0.0780485
50	48	-0.0161189
51	48	-0.00623699
52	48	-0.0836559
53	48	-0.00700533
54	48	-0.0288587
55	48	-0.0120163
56	48	-0.00206348
57	48	-0.000774615
58	48	-0.0203945
59	48	-0.00209085
60	48	-0.00641957
307	48	-0.0138755
308	48	-0.0104094
309	48	-0.00417305
310	48	-0.000535387
311	48	-0.000991002
312	48	-0.000786666
325	48	-0.0310227
326	48	-0.0104804
327	48	-0.00433058
328	48	-0.0344818
329	48	-0.00417305
330	48	-0.0110664
331	48	-0.00978326
332	48	-0.0307403
333	48	-0.00316798
334	48	-0.0514843
335	48	-0.0148325
336	48	-0.00399026
19	49	0.00880167
20	49	-0.026936
21	49	-0.00206348
22	49	-0.00748855
23	49	-0.00882131
24	49	0.00354993
43	49	-0.327112
44	49	-0.0926624
45	49	-0.0359881
46	49	-0.204941
47	49	-0.0292607
48	49	-0.0780485
49	49	1.55152
50	49	0.684566
51	49	0.287305
52	49	0.592628
53	49	0.101179
54	49	0.271595
55	49	-0.0826087
56	49	-0.231594
57	49	-0.0236699
58	49	-0.447827
59	49	-0.101832
60	49	-0.0472739
97	49	-0.00748855
98	49	-0.026936
99	49	-0.00882131
100	49	0.00880167
101	49	-0.00206348
102	49	0.00354993
109	49	-0.204941
110	49	-0.0926624
111	49	-0.0292607
112	49	-0.327112
113	49	-0.0359881
114	49	-0.0780485
115	49	-0.447827
116	49	-0.231594
117	49	-0.101832
118	49	-0.0826087
119	49	-0.0236699
120	49	-0.0472739
19	50	-0.0340774
20	50	-0.150441
21	50	-0.0203945
22	50	-0.114042
23	50	-0.0491429
24	50	-0.010687
43	50	-0.0600536
44	50	-0.0580259
45	50	-0.0133433
46	50	-0.063438
47	50	-0.014497
48	50	-0.0161189
49	50	0.684566
50	50	1.36483
51	50	0.281191
52	50	0.522737
53	50	0.223645
54	50	0.10702
55	50	-0.0744113
56	50	-0.447827
57	50	-0.0464421
58	50	-0.281695
59	50	-0.119592
60	50	-0.0282792
97	50	-0.114042
98	50	-0.150441
99	50	-0.0491429
100	50	-0.0340774
101	50	-0.0203945
102	50	-0.010687
109	50	-0.063438
110	50	-0.0580259
111	50	-0.014497
112	50	-0.0600536
113	50	-0.0133433
114	50	-0.0161189
115	50	-0.281695
116	50	-0.447827
117	50	-0.119592
118	50	-0.0744113
119	50	-0.0464421
120	50	-0.0282792
19	51	1.76575e-05
20	51	-0.0177766
21	51	-0.00209085
22	51	-0.00596724
23	51	-0.00543192
24	51	0.000568203
43	51	-0.0238672
44	51	-0.0148422
45	51	-0.0028916
46	51	-0.0208237
47	51	-0.00472683
48	51	-0.00623699
49	51	0.287305
50	51	0.281191
51	51	0.0914322
52	51	0.0955016
53	51	0.0359269
54	51	0.0375432
55	51	-0.0267953
56	51	-0.101832
57	51	-0.0104028
58	51	-0.119592
59	51	-0.0373333
60	51	-0.013757
97	51	-0.00596724
98	51	-0.0177766
99	51	-0.00543192
100	51	1.76575e-05
101	51	-0.00209085
102	51	0.000568203
109	51	-0.0208237
110	51	-0.0148422
111	51	-0.00472683
112	51	-0.0238672
113	51	-0.0028916
114	51	-0.00623699
115	51	-0.119592
116	51	-0.101832
117	51	-0.0373333
118	51	-0.0267953
119	51	-0.0104028
120	51	-0.013757
19	52	-0.0405004
20	52	-0.0949021
21	52	-0.0120163
22	52	-0.1782
23	52	-0.0407367
24	52	-0.0222514
43	52	-0.221258
44	52	-0.0956321
45	52	-0.032124
46	52	-0.353514
47	52	-0.0421395
48	52	-0.0836559
49	52	0.592628
50	52	0.522737
51	52	0.0955016
52	52	1.23204
53	52	0.206848
54	52	0.247108
55	52	-0.0303181
56	52	-0.0826087
57	52	-0.0107524
58	52	-0.0744113
59	52	-0.0267953
60	52	-0.00947771
97	52	-0.1782
98	52	-0.0949021
99	52	-0.0407367
100	52	-0.0405004
101	52	-0.0120163
102	52	-0.0222514
109	52	-0.353514
110	52	-0.0956321
111	52	-0.0421395
112	52	-0.221258
113	52	-0.032124
114	52	-0.0836559
115	52	-0.0744113
116	52	-0.0826087
117	52	-0.0267953
118	52	-0.0303181
119	52	-0.0107524
120	52	-0.00947771
19	53	-0.018681
20	53	-0.043505
21	53	-0.00641957
22	53	-0.0543782
23	53	-0.015861
24	53	-0.00755374
43	53	-0.0221597
44	53	-0.0134374
45	53	-0.00467749
46	53	-0.0279782
47	53	-0.0037651
48	53	-0.00700533
49	53	0.101179
50	53	0.223645
51	53	0.0359269
52	53	0.206848
53	53	0.0651805
54	53	0.0330804
55	53	-0.00947771
56	53	-0.0472739
57	53	-0.00490321
58	53	-0.0282792
59	53	-0.013757
60	53	-0.00363966
97	53	-0.0543782
98	53	-0.043505
99	53	-0.015861
100	53	-0.018681
101	53	-0.00641957
102	53	-0.00755374
109	53	-0.0279782
110	53	-0.0134374
111	53	-0.0037651
112	53	-0.0221597
113	53	-0.00467749
114	53	-0.00700533
115	53	-0.0282792
116	53	-0.0472739
117	53	-0.013757
118	53	-0.00947771
119	53	-0.00490321
120	53	-0.00363966
19	54	-0.00104031
20	54	-0.00890203
21	54	-0.000774615
22	54	-0.0162241
23	54	-0.00400742
24	54	-0.00127062
43	54	-0.0891429
44	54	-0.0298163
45	54	-0.0117419
46	54	-0.0862998
47	54	-0.0108054
48	54	-0.0288587
49	54	0.271595
50	54	0.10702
51	54	0.0375432
52	54	0.247108
53	54	0.0330804
54	54	0.0836486
55	54	-0.0107524
56	54	-0.0236699
57	54	-0.00297744
58	54	-0.0464421
59	54	-0.0104028
60	54	-0.00490321
97	54	-0.0162241
98	54	-0.00890203
99	54	-0.00400742
100	54	-0.00104031
101	54	-0.000774615
102	54	-0.00127062
109	54	-0.0862998
110	54	-0.0298163
111	54	-0.0108054
112	54	-0.0891429
113	54	-0.0117419
114	54	-0.0288587
115	54	-0.0464421
116	54	-0.0236699
117	54	-0.0104028
118	54	-0.0107524
119	54	-0.00297744
120	54	-0.00490321
19	55	-0.353514
20	55	-0.221258
21	55	-0.0836559
22	55	-0.0956321
23	55	-0.032124
24	55	-0.0421395
43	55	-0.0949021
44	55	-0.1782
45	55	-0.0407367
46	55	-0.0405004
47	55	-0.0222514
48	55	-0.0120163
49	55	-0.0826087
50	55	-0.0744113
51	55	-0.0267953
52	55	-0.0303181
53	55	-0.00947771
54	55	-0.0107524
55	55	1.52918
56	55	0.640401
57	55	0.278349
58	55	0.691551
59	55	0.111981
60	55	0.28134
67	55	-0.341293
68	55	-0.141056
69	55	-0.0337877
70	55	-0.673335
71	55	-0.0634034
72	55	-0.143772
73	55	-0.00522744
74	55	0.0678235
75	55	0.00534287
76	55	-0.0144558
77	55	0.00784471
78	55	-0.0148415
19	56	-0.204941
20	56	-0.327112
21	56	-0.0780485
22	56	-0.0926624
23	56	-0.0359881
24	56	-0.0292607
43	56	-0.026936
44	56	-0.00748855
45	56	-0.00882131
46	56	0.00880167
47	56	0.00354993
48	56	-0.00206348
49	56	-0.231594
50	56	-0.447827
51	56	-0.101832
52	56	-0.0826087
53	56	-0.0472739
54	56	-0.0236699
55	56	0.640401
56	56	1.32824
57	56	0.258752
58	56	0.609911
59	56	0.237093
60	56	0.109182
67	56	-0.160536
68	56	-0.0684171
69	56	-0.0243345
70	56	-0.164727
71	56	-0.0239896
72	56	-0.0412187
73	56	-0.0233032
74	56	-0.0144558
75	56	-6.29801e-05
76	56	-0.0743615
77	56	-0.0123748
78	56	-0.027192
19	57	-0.0862998
20	57	-0.0891429
21	57	-0.0288587
22	57	-0.0298163
23	57	-0.0117419
24	57	-0.0108054
43	57	-0.00890203
44	57	-0.0162241
45	57	-0.00400742
46	57	-0.00104031
47	57	-0.00127062
48	57	-0.000774615
49	57	-0.0236699
50	57	-0.0464421
51	57	-0.0104028
52	57	-0.0107524
53	57	-0.00490321
54	57	-0.00297744
55	57	0.278349
56	57	0.258752
57	57	0.0840821
58	57	0.112705
59	57	0.0357079
60	57	0.0389958
67	57	-0.0427389
68	57	-0.0263392
69	57	-0.00725388
70	57	-0.0801112
71	57	-0.00899521
72	57	-0.0142973
73	57	0.00446938
74	57	0.00784471
75	57	0.00288327
76	57	-0.0123748
77	57	-0.00140437
78	57	-0.0042005
19	58	-0.063438
20	58	-0.0600536
21	58	-0.0161189
22	58	-0.0580259
23	58	-0.0133433
24	58	-0.014497
43	58	-0.150441
44	58	-0.114042
45	58	-0.0491429
46	58	-0.0340774
47	58	-0.010687
48	58	-0.0203945
49	58	-0.447827
50	58	-0.281695
51	58	-0.119592
52	58	-0.0744113
53	58	-0.0282792
54	58	-0.0464421
55	58	0.691551
56	58	0.609911
57	58	0.112705
58	58	1.45248
59	58	0.256913
60	58	0.285574
67	58	-0.655083
68	58	-0.0953779
69	58	-0.0546041
70	58	-0.472456
71	58	-0.046608
72	58	-0.181466
73	58	-0.0310216
74	58	-0.00522744
75	58	-0.0157285
76	58	-0.0233032
77	58	0.00446938
78	58	-0.0249846
19	59	-0.0208237
20	59	-0.0238672
21	59	-0.00623699
22	59	-0.0148422
23	59	-0.0028916
24	59	-0.00472683
43	59	-0.0177766
44	59	-0.00596724
45	59	-0.00543192
46	59	1.76575e-05
47	59	0.000568203
48	59	-0.00209085
49	59	-0.101832
50	59	-0.119592
51	59	-0.0373333
52	59	-0.0267953
53	59	-0.013757
54	59	-0.0104028
55	59	0.111981
56	59	0.237093
57	59	0.0357079
58	59	0.256913
59	59	0.0753894
60	59	0.0408661
67	59	-0.0703105
68	59	-0.0178541
69	59	-0.00679144
70	59	-0.0632298
71	59	-0.00934665
72	59	-0.0222914
73	59	-0.0249846
74	59	-0.0148415
75	59	-0.00512406
76	59	-0.027192
77	59	-0.0042005
78	59	-0.00935652
19	60	-0.0279782
20	60	-0.0221597
21	60	-0.00700533
22	60	-0.0134374
23	60	-0.00467749
24	60	-0.0037651
43	60	-0.043505
44	60	-0.0543782
45	60	-0.015861
46	60	-0.018681
47	60	-0.00755374
48	60	-0.00641957
49	60	-0.0472739
50	60	-0.0282792
51	60	-0.013757
52	60	-0.00947771
53	60	-0.00363966
54	60	-0.00490321
55	60	0.28134
56	60	0.109182
57	60	0.0389958
58	60	0.285574
59	60	0.0408661
60	60	0.0886126
67	60	-0.137093
68	60	-0.0279652
69	60	-0.00920727
70	60	-0.175327
71	60	-0.0172835
72	60	-0.05291
73	60	-0.0157285
74	60	0.00534287
75	60	-0.00438034
76	60	-6.29801e-05
77	60	0.00288327
78	60	-0.00512406
61	61	0.846036
62	61	0.386321
63	61	0.153194
64	61	0.455776
65	61	0.0833988
66	61	0.175323
67	61	-0.383716
68	61	-0.0523522
69	61	-0.0286821
70	61	-0.218673
71	61	-0.0175912
72	61	-0.0998928
283	61	-0.0926624
284	61	-0.0956321
285	61	-0.0298163
286	61	-0.0580259
287	61	-0.0134374
288	61	-0.0148422
337	61	-0.1782
338	61	-0.00748855
339	61	-0.0162241
340	61	-0.114042
341	61	-0.00596724
342	61	-0.0543782
61	62	0.386321
62	62	0.80911
63	62	0.148959
64	62	0.433132
65	62	0.166264
66	62	0.0809432
67	62	-0.107798
68	62	-0.0341004
69	62	-0.0105735
70	62	-0.107798
71	62	-0.0105735
72	62	-0.041255
283	62	-0.204941
284	62	-0.353514
285	62	-0.0862998
286	62	-0.063438
287	62	-0.0279782
288	62	-0.0208237
337	62	-0.0405004
338	62	0.00880167
339	62	-0.00104031
340	62	-0.0340774
341	62	1.76575e-05
342	62	-0.018681
61	63	0.153194
62	63	0.148959
63	63	0.045032
64	63	0.0812863
65	63	0.0259756
66	63	0.026606
67	63	-0.0514843
68	63	-0.00978326
69	63	-0.00399026
70	63	-0.0307403
71	63	-0.00316798
72	63	-0.0148325
283	63	-0.0292607
284	63	-0.0421395
285	63	-0.0108054
286	63	-0.014497
287	63	-0.0037651
288	63	-0.00472683
337	63	-0.0222514
338	63	0.00354993
339	63	-0.00127062
340	63	-0.010687
341	63	0.000568203
342	63	-0.00755374
61	64	0.455776
62	64	0.433132
63	64	0.0812863
64	64	0.953771
65	64	0.181191
66	64	0.185254
67	64	-0.218673
68	64	-0.0523522
69	64	-0.0175912
70	64	-0.383716
71	64	-0.0286821
72	64	-0.0998928
283	64	-0.327112
284	64	-0.221258
285	64	-0.0891429
286	64	-0.0600536
287	64	-0.0221597
288	64	-0.0238672
337	64	-0.0949021
338	64	-0.026936
339	64	-0.00890203
340	64	-0.150441
341	64	-0.0177766
342	64	-0.043505
61	65	0.0833988
62	65	0.166264
63	65	0.0259756
64	65	0.181191
65	65	0.0539419
66	65	0.0296311
67	65	-0.0307403
68	65	-0.00978326
69	65	-0.00316798
70	65	-0.0514843
71	65	-0.00399026
72	65	-0.0148325
283	65	-0.0780485
284	65	-0.0836559
285	65	-0.0288587
286	65	-0.0161189
287	65	-0.00700533
288	65	-0.00623699
337	65	-0.0120163
338	65	-0.00206348
339	65	-0.000774615
340	65	-0.0203945
341	65	-0.00209085
342	65	-0.00641957
61	66	0.175323
62	66	0.0809432
63	66	0.026606
64	66	0.185254
65	66	0.0296311
66	66	0.0560064
67	66	-0.0869432
68	66	-0.0143677
69	66	-0.00657596
70	66	-0.0869432
71	66	-0.00657596
72	66	-0.0317502
283	66	-0.0359881
284	66	-0.032124
285	66	-0.0117419
286	66	-0.0133433
287	66	-0.00467749
288	66	-0.0028916
337	66	-0.0407367
338	66	-0.00882131
339	66	-0.00400742
340	66	-0.0491429
341	66	-0.00543192
342	66	-0.015861
55	67	-0.341293
56	67	-0.160536
57	67	-0.0427389
58	67	-0.655083
59	67	-0.0703105
60	67	-0.137093
61	67	-0.383716
62	67	-0.107798
63	67	-0.0514843
64	67	-0.218673
65	67	-0.0307403
66	67	-0.0869432
67	67	2.07958
68	67	0.840181
69	67	0.365127
70	67	0.840181
71	67	0.128731
72	67	0.365127
73	67	-0.655083
74	67	-0.341293
75	67	-0.137093
76	67	-0.160536
77	67	-0.0427389
78	67	-0.0703105
55	68	-0.141056
56	68	-0.0684171
57	68	-0.0263392
58	68	-0.0953779
59	68	-0.0178541
60	68	-0.0279652
61	68	-0.0523522
62	68	-0.0341004
63	68	-0.00978326
64	68	-0.0523522
65	68	-0.00978326
66	68	-0.0143677
67	68	0.840181
